3939 0 4
3938 1 4
3940 1 3
3942 2 3
3943 3 3
3944 4 3
3945 10 4
3937 22 5
3947 1472 11
3934 2946 12
3883 47152 16
3861 94306 17
3778 754456 20
2923 12071312 24
3222 12071313 24
3138 12071314 24
2876 12071315 24
3287 12071316 24
3142 12071317 24
3009 12071318 24
3291 12071319 24
3632 3017830 22
3025 12071324 24
3487 12071325 24
2986 12071326 24
2979 12071327 24
3736 1508916 21
3267 6035668 23
3446 6035669 23
3592 6035670 23
3441 6035671 23
3747 1508918 21
3689 1508919 21
3403 12071360 24
3370 12071361 24
3330 12071362 24
3328 12071363 24
3378 6035682 23
3108 12071366 24
3057 12071367 24
2837 12071368 24
3052 12071369 24
3218 12071370 24
3051 12071371 24
3081 12071372 24
3194 12071373 24
3088 12071374 24
3353 12071375 24
3602 6035688 23
3588 6035689 23
3454 6035690 23
3377 6035691 23
3382 6035692 23
3337 6035693 23
3154 6035694 23
3513 6035695 23
3812 377231 19
3894 23577 15
3907 11789 14
3926 5895 13
3928 5896 13
3927 5897 13
3924 5898 13
3781 755072 20
3776 755073 20
3780 755074 20
3702 1510150 21
3659 3020302 22
3678 3020303 22
3726 1510152 21
3134 12081224 24
2970 12081225 24
3575 6040613 23
3589 3020307 22
3720 1510154 21
3743 1510155 21
3773 755078 20
3766 755079 20
3863 94385 17
3871 94386 17
3437 6040768 23
3282 6040769 23
3217 6040770 23
3466 6040771 23
3598 3020386 22
3664 3020387 22
3465 6040776 23
3473 6040777 23
3464 6040778 23
3451 6040779 23
3528 6040780 23
3329 6040781 23
3314 6040782 23
3201 6040783 23
3815 377549 19
3739 1510200 21
3523 6040804 23
3524 6040805 23
3538 6040806 23
3344 6040807 23
255 755101 20
0 377551 19
3893 23597 15
3880 47196 16
3645 3020608 22
3617 3020609 22
3453 6041220 23
3358 6041221 23
3058 12082444 24
3158 12082445 24
3571 6041223 23
3772 755153 20
3809 377577 19
3840 188789 18
3860 94395 17
3718 1510336 21
3717 1510337 21
3675 3020676 22
3634 3020677 22
3600 3020678 22
3652 3020679 22
3810 377585 19
3296 6041376 23
3149 6041377 23
3261 6041378 23
3442 6041379 23
2910 24165520 25
2918 24165521 25
2955 24165522 25
2725 24165523 25
2897 24165524 25
2838 24165525 25
2714 24165526 25
2678 24165527 25
3420 6041382 23
2609 24165532 25
2702 24165533 25
3003 24165534 25
2674 24165535 25
3440 6041384 23
3285 6041385 23
3508 6041386 23
3221 6041387 23
3262 6041388 23
3463 6041389 23
3289 6041390 23
3365 6041391 23
3022 12082784 24
3020 12082785 24
3392 12082786 24
3016 12082787 24
2952 24165576 25
2860 24165577 25
3000 24165578 25
2600 24165579 25
2631 24165580 25
2896 48331162 26
1998 48331163 26
2947 24165582 25
2861 24165583 25
3212 12082792 24
3140 12082793 24
3070 12082794 24
3037 12082795 24
3121 12082796 24
3074 12082797 24
3141 12082798 24
3334 12082799 24
2868 24165600 25
3099 24165601 25
2939 24165602 25
2883 24165603 25
2945 24165604 25
2865 24165605 25
3100 24165606 25
2825 24165607 25
2717 24165608 25
3375 24165609 25
2900 24165610 25
3019 24165611 25
2783 24165612 25
2785 24165613 25
3271 24165614 25
2795 24165615 25
2848 24165616 25
3059 24165617 25
2730 24165618 25
2962 24165619 25
2930 24165620 25
2832 24165621 25
2571 24165622 25
2957 24165623 25
2867 24165624 25
2821 24165625 25
2866 24165626 25
2824 24165627 25
2815 24165628 25
2818 24165629 25
2873 24165630 25
2814 24165631 25
3837 188794 18
3495 12082880 24
3491 12082881 24
3115 12082882 24
2849 12082883 24
3095 12082884 24
3460 12082885 24
3383 12082886 24
3094 12082887 24
3582 3020722 22
3195 12082892 24
3352 12082893 24
3120 12082894 24
3455 12082895 24
3047 12082896 24
3412 12082897 24
3102 12082898 24
3085 12082899 24
3324 12082900 24
3139 12082901 24
2920 12082902 24
3068 12082903 24
3109 12082904 24
3098 12082905 24
3484 12082906 24
3220 12082907 24
3248 12082908 24
2982 12082909 24
3191 12082910 24
2985 12082911 24
3771 755182 20
3705 1510366 21
3278 6041468 23
3385 6041469 23
3650 3020735 22
3878 47199 16
3921 5900 13
3922 5901 13
3858 94432 17
3857 94433 17
3877 47217 16
3892 23609 15
3769 755520 20
3637 3022084 22
3667 3022085 22
3676 3022086 22
3577 3022087 22
3811 377761 19
3808 377762 19
3553 3022104 22
3628 3022105 22
3714 1511053 21
3770 755527 20
3836 188882 18
3761 755532 20
3779 755533 20
3458 6044272 23
3380 6044273 23
3578 6044274 23
3165 6044275 23
3307 6044276 23
3511 6044277 23
3558 6044278 23
3543 6044279 23
3696 1511070 21
3418 6044284 23
3567 6044285 23
3530 6044286 23
3433 6044287 23
3879 47221 16
3400 6044416 23
3496 6044417 23
3243 6044418 23
3381 6044419 23
3415 6044420 23
3525 6044421 23
3556 6044422 23
3449 6044423 23
3515 6044424 23
3432 6044425 23
3122 6044426 23
3157 6044427 23
3389 6044428 23
3244 6044429 23
3485 6044430 23
3249 6044431 23
3679 3022216 22
3594 3022217 22
3586 3022218 22
3648 3022219 22
3214 6044440 23
3472 6044441 23
3527 6044442 23
3161 6044443 23
3671 3022222 22
3642 3022223 22
3833 188889 18
3748 1511120 21
3713 1511121 21
3373 6044488 23
3364 6044489 23
3627 3022245 22
3721 1511123 21
3804 377781 19
3838 188891 18
3590 3022272 22
3644 3022273 22
3604 3022274 22
3613 3022275 22
3685 1511138 21
3697 1511139 21
3805 377785 19
3760 755572 20
3750 755573 20
3764 755574 20
3706 1511150 21
3719 1511151 21
3859 94447 17
3920 5903 13
3923 5904 13
3917 5905 13
3876 47248 16
3832 188996 18
3834 188997 18
3806 377996 19
3056 6047952 23
3273 6047953 23
3371 6047954 23
3320 6047955 23
3284 6047956 23
3250 6047957 23
3258 6047958 23
3388 6047959 23
3431 6047960 23
3346 6047961 23
3522 6047962 23
3477 6047963 23
3166 6047964 23
3313 6047965 23
3265 6047966 23
3366 6047967 23
3135 12095936 24
3008 12095937 24
2996 12095938 24
3005 12095939 24
3128 12095940 24
3014 12095941 24
3131 12095942 24
3011 12095943 24
3438 12095944 24
3247 12095945 24
2973 12095946 24
3479 12095947 24
3255 12095948 24
2994 12095949 24
3251 12095950 24
2990 12095951 24
3419 6047976 23
3229 6047977 23
3404 6047978 23
3246 6047979 23
3238 6047980 23
3429 6047981 23
3211 6047982 23
3277 6047983 23
2888 12095968 24
3064 12095969 24
2919 12095970 24
2927 12095971 24
3035 12095972 24
3155 12095973 24
3126 12095974 24
3030 12095975 24
3175 12095976 24
3223 12095977 24
2921 12095978 24
2853 12095979 24
3204 12095980 24
3199 12095981 24
2928 12095982 24
2857 12095983 24
3091 12095984 24
3096 12095985 24
3339 12095986 24
3114 12095987 24
2794 12095988 24
3021 12095989 24
3097 12095990 24
3152 12095991 24
3125 12095992 24
3062 12095993 24
3043 12095994 24
3303 12095995 24
3327 12095996 24
3072 12095997 24
3315 12095998 24
3394 12095999 24
3753 756000 20
3597 3024004 22
2954 12096020 24
2905 12096021 24
3231 12096022 24
3061 12096023 24
3641 3024006 22
3593 3024007 22
3670 1512004 21
3468 6048020 23
3445 6048021 23
3457 6048022 23
3498 6048023 23
3732 1512006 21
3708 1512007 21
3835 189001 18
3830 189002 18
3651 3024048 22
3569 3024049 22
3607 3024050 22
3622 3024051 22
3700 1512026 21
3735 1512027 21
3802 378007 19
3874 47251 16
3904 11813 14
3901 11814 14
3890 23630 15
3856 94524 17
3767 756200 20
3723 1512402 21
3715 1512403 21
3801 378101 19
3829 189051 18
3873 47263 16
3916 5908 13
3919 5909 13
3933 2955 12
3913 5912 13
3889 23652 15
3891 23653 15
3434 6055424 23
3203 6055425 23
3317 6055426 23
3013 6055427 23
3299 6055428 23
3471 6055429 23
3302 6055430 23
3300 6055431 23
3698 1513858 21
3325 6055436 23
3350 6055437 23
3336 6055438 23
3163 6055439 23
3372 6055440 23
3369 6055441 23
3029 6055442 23
3177 6055443 23
3535 6055444 23
3342 6055445 23
3093 6055446 23
3266 6055447 23
3240 6055448 23
3566 6055449 23
3292 6055450 23
3338 6055451 23
3390 6055452 23
3112 6055453 23
3241 6055454 23
3281 6055455 23
3762 756932 20
3749 756933 20
3798 378467 19
3562 3027744 22
3639 3027745 22
3716 1513873 21
3757 756937 20
3800 378469 19
3681 1513880 21
3704 1513881 21
3510 3027764 22
3618 3027765 22
3557 3027766 22
3541 3027767 22
3626 3027768 22
3625 3027769 22
3646 3027770 22
3595 3027771 22
3584 3027772 22
3623 3027773 22
3663 3027774 22
3462 3027775 22
3853 94618 17
3852 94619 17
3828 189240 18
3391 12111424 24
3239 12111425 24
3219 12111426 24
3368 12111427 24
3189 12111428 24
2836 12111429 24
3208 12111430 24
3196 12111431 24
3073 12111432 24
2912 12111433 24
3053 12111434 24
2958 12111435 24
3083 12111436 24
3089 12111437 24
3078 12111438 24
3079 12111439 24
2548 48445760 26
2604 48445761 26
2720 48445762 26
2719 48445763 26
2625 48445764 26
2623 48445765 26
2402 48445766 26
2626 48445767 26
2545 48445768 26
2455 48445769 26
2457 48445770 26
2711 48445771 26
2723 48445772 26
2722 48445773 26
2546 48445774 26
2326 48445775 26
2581 48445776 26
2582 48445777 26
2579 48445778 26
2580 48445779 26
2595 48445780 26
2594 48445781 26
2597 48445782 26
2596 48445783 26
2575 48445784 26
2611 48445785 26
2398 48445786 26
2573 48445787 26
2577 48445788 26
2406 48445789 26
2377 48445790 26
2378 48445791 26
2549 48445792 26
2700 48445793 26
2705 48445794 26
2676 48445795 26
2688 48445796 26
2685 48445797 26
2551 48445798 26
2694 48445799 26
2817 12111450 24
3182 12111451 24
2746 48445808 26
2744 48445809 26
2752 48445810 26
2464 48445811 26
2459 48445812 26
2734 48445813 26
2743 48445814 26
2460 48445815 26
2555 48445816 26
2681 48445817 26
2684 48445818 26
2683 48445819 26
2544 48445820 26
2137 48445821 26
2677 48445822 26
2564 48445823 26
3596 3027864 22
3071 12111460 24
3113 12111461 24
3105 12111462 24
3127 12111463 24
3585 3027866 22
3609 3027867 22
2839 12111472 24
2936 12111473 24
2977 12111474 24
3002 12111475 24
3026 12111476 24
3104 12111477 24
3017 12111478 24
3018 12111479 24
2858 12111480 24
3119 12111481 24
2899 12111482 24
2886 12111483 24
2960 12111484 24
2951 12111485 24
3124 12111486 24
3036 12111487 24
4017 96891904 27
4016 96891905 27
4019 96891906 27
4018 96891907 27
4013 96891908 27
4012 96891909 27
4015 96891910 27
4014 96891911 27
4025 96891912 27
4024 96891913 27
4027 96891914 27
4026 96891915 27
4032 96891916 27
4020 96891917 27
4023 96891918 27
4022 96891919 27
4043 96891920 27
2712 96891921 27
4045 96891922 27
4044 96891923 27
4039 96891924 27
4038 96891925 27
4041 96891926 27
4040 96891927 27
4051 96891928 27
4050 96891929 27
4042 96891930 27
4052 96891931 27
4047 96891932 27
4046 96891933 27
4049 96891934 27
4048 96891935 27
4091 96891936 27
4090 96891937 27
4093 96891938 27
4092 96891939 27
4087 96891940 27
4086 96891941 27
4089 96891942 27
4088 96891943 27
4057 96891944 27
4056 96891945 27
4059 96891946 27
4058 96891947 27
4084 96891948 27
4094 96891949 27
4055 96891950 27
4054 96891951 27
4075 96891952 27
4021 96891953 27
4077 96891954 27
4076 96891955 27
4029 96891956 27
4028 96891957 27
4031 96891958 27
4030 96891959 27
4083 96891960 27
4082 96891961 27
4085 96891962 27
4053 96891963 27
4079 96891964 27
4078 96891965 27
4081 96891966 27
4080 96891967 27
2468 96891968 27
2467 96891969 27
2472 96891970 27
2469 96891971 27
2463 96891972 27
2396 96891973 27
2466 96891974 27
2465 96891975 27
2483 96891976 27
2481 96891977 27
2486 96891978 27
2485 96891979 27
2477 96891980 27
2475 96891981 27
2479 96891982 27
2433 96891983 27
2410 96891984 27
2395 96891985 27
2399 96891986 27
2397 96891987 27
2392 96891988 27
2391 96891989 27
2394 96891990 27
2393 96891991 27
2407 96891992 27
2405 96891993 27
2409 96891994 27
2408 96891995 27
2401 96891996 27
2400 96891997 27
2404 96891998 27
2403 96891999 27
2451 96892000 27
2450 96892001 27
2456 96892002 27
2452 96892003 27
2447 96892004 27
2446 96892005 27
2449 96892006 27
2448 96892007 27
4035 96892008 27
4034 96892009 27
4037 96892010 27
4036 96892011 27
2461 96892012 27
2458 96892013 27
4033 96892014 27
2445 96892015 27
2478 96892016 27
2492 96892017 27
2435 96892018 27
2434 96892019 27
2488 96892020 27
2487 96892021 27
2491 96892022 27
2489 96892023 27
2443 96892024 27
2441 96892025 27
2462 96892026 27
2444 96892027 27
2438 96892028 27
2437 96892029 27
2440 96892030 27
2439 96892031 27
3977 96892032 27
3976 96892033 27
3990 96892034 27
3978 96892035 27
3973 96892036 27
3972 96892037 27
3975 96892038 27
3974 96892039 27
3985 96892040 27
3984 96892041 27
3987 96892042 27
3986 96892043 27
3981 96892044 27
3980 96892045 27
3983 96892046 27
3982 96892047 27
4003 96892048 27
4002 96892049 27
4005 96892050 27
4004 96892051 27
3999 96892052 27
3998 96892053 27
4001 96892054 27
3969 96892055 27
4000 96892056 27
4010 96892057 27
3971 96892058 27
3970 96892059 27
4007 96892060 27
4006 96892061 27
4009 96892062 27
4008 96892063 27
2196 96892064 27
2195 96892065 27
2199 96892066 27
2197 96892067 27
2192 96892068 27
2191 96892069 27
2194 96892070 27
2193 96892071 27
2154 96892072 27
2153 96892073 27
2156 96892074 27
2155 96892075 27
2201 96892076 27
2200 96892077 27
2189 96892078 27
2202 96892079 27
2180 96892080 27
2179 96892081 27
2182 96892082 27
2181 96892083 27
3989 96892084 27
3988 96892085 27
2178 96892086 27
3979 96892087 27
2188 96892088 27
2187 96892089 27
2190 96892090 27
2254 96892091 27
2184 96892092 27
2183 96892093 27
2186 96892094 27
2185 96892095 27
3955 96892096 27
3954 96892097 27
3957 96892098 27
3956 96892099 27
3951 96892100 27
2959 96892101 27
3953 96892102 27
3952 96892103 27
3963 96892104 27
3962 96892105 27
3965 96892106 27
3964 96892107 27
3959 96892108 27
4011 96892109 27
3961 96892110 27
3960 96892111 27
4065 96892112 27
4064 96892113 27
4067 96892114 27
4066 96892115 27
4061 96892116 27
4060 96892117 27
4074 96892118 27
4062 96892119 27
4073 96892120 27
4072 96892121 27
2908 96892122 27
4063 96892123 27
4069 96892124 27
4068 96892125 27
4071 96892126 27
4070 96892127 27
2879 96892128 27
2831 96892129 27
2887 96892130 27
2884 96892131 27
2784 96892132 27
2782 96892133 27
2830 96892134 27
2803 96892135 27
3995 96892136 27
3994 96892137 27
3997 96892138 27
3996 96892139 27
3991 96892140 27
2759 96892141 27
3993 96892142 27
3992 96892143 27
2726 96892144 27
2716 96892145 27
2732 96892146 27
2731 96892147 27
3967 96892148 27
3966 96892149 27
3958 96892150 27
3968 96892151 27
2892 96892152 27
2756 96892153 27
2767 96892154 27
2761 96892155 27
2740 96892156 27
2739 96892157 27
2753 96892158 27
2745 96892159 27
671 96892160 27
672 96892161 27
669 96892162 27
670 96892163 27
739 96892164 27
740 96892165 27
673 96892166 27
754 96892167 27
663 96892168 27
664 96892169 27
661 96892170 27
662 96892171 27
667 96892172 27
668 96892173 27
665 96892174 27
666 96892175 27
751 96892176 27
752 96892177 27
749 96892178 27
750 96892179 27
755 96892180 27
756 96892181 27
753 96892182 27
738 96892183 27
743 96892184 27
744 96892185 27
741 96892186 27
742 96892187 27
747 96892188 27
748 96892189 27
745 96892190 27
746 96892191 27
703 96892192 27
704 96892193 27
701 96892194 27
702 96892195 27
643 96892196 27
644 96892197 27
705 96892198 27
658 96892199 27
695 96892200 27
696 96892201 27
693 96892202 27
694 96892203 27
699 96892204 27
700 96892205 27
697 96892206 27
698 96892207 27
655 96892208 27
656 96892209 27
653 96892210 27
654 96892211 27
659 96892212 27
660 96892213 27
657 96892214 27
706 96892215 27
647 96892216 27
648 96892217 27
645 96892218 27
646 96892219 27
651 96892220 27
652 96892221 27
649 96892222 27
650 96892223 27
735 96892224 27
736 96892225 27
733 96892226 27
734 96892227 27
547 96892228 27
548 96892229 27
737 96892230 27
562 96892231 27
727 96892232 27
728 96892233 27
725 96892234 27
726 96892235 27
731 96892236 27
732 96892237 27
729 96892238 27
730 96892239 27
559 96892240 27
560 96892241 27
557 96892242 27
558 96892243 27
563 96892244 27
564 96892245 27
561 96892246 27
546 96892247 27
551 96892248 27
552 96892249 27
549 96892250 27
550 96892251 27
555 96892252 27
556 96892253 27
553 96892254 27
554 96892255 27
767 96892256 27
768 96892257 27
765 96892258 27
766 96892259 27
707 96892260 27
708 96892261 27
769 96892262 27
722 96892263 27
759 96892264 27
760 96892265 27
757 96892266 27
758 96892267 27
763 96892268 27
764 96892269 27
761 96892270 27
762 96892271 27
719 96892272 27
720 96892273 27
717 96892274 27
718 96892275 27
723 96892276 27
724 96892277 27
721 96892278 27
642 96892279 27
711 96892280 27
712 96892281 27
709 96892282 27
710 96892283 27
715 96892284 27
716 96892285 27
713 96892286 27
714 96892287 27
2585 96892288 27
2584 96892289 27
2592 96892290 27
2587 96892291 27
2665 96892292 27
2708 96892293 27
2583 96892294 27
2576 96892295 27
2605 96892296 27
2603 96892297 27
2607 96892298 27
2606 96892299 27
2598 96892300 27
2593 96892301 27
2624 96892302 27
2599 96892303 27
2659 96892304 27
2657 96892305 27
2669 96892306 27
2574 96892307 27
2650 96892308 27
2643 96892309 27
2653 96892310 27
2652 96892311 27
2695 96892312 27
2692 96892313 27
2703 96892314 27
2696 96892315 27
2680 96892316 27
2672 96892317 27
2687 96892318 27
2682 96892319 27
2427 96892320 27
2426 96892321 27
2429 96892322 27
2428 96892323 27
2422 96892324 27
2493 96892325 27
2425 96892326 27
2424 96892327 27
2387 96892328 27
2386 96892329 27
2389 96892330 27
2388 96892331 27
2431 96892332 27
2430 96892333 27
2420 96892334 27
2432 96892335 27
2622 96892336 27
2620 96892337 27
2411 96892338 27
2602 96892339 27
2613 96892340 27
2612 96892341 27
2619 96892342 27
2615 96892343 27
2417 96892344 27
2416 96892345 27
2419 96892346 27
2418 96892347 27
2413 96892348 27
2412 96892349 27
2415 96892350 27
2414 96892351 27
2535 96892352 27
2533 96892353 27
2537 96892354 27
2536 96892355 27
675 96892356 27
676 96892357 27
2532 96892358 27
690 96892359 27
2547 96892360 27
2385 96892361 27
2553 96892362 27
2552 96892363 27
2540 96892364 27
2539 96892365 27
2542 96892366 27
2541 96892367 27
687 96892368 27
688 96892369 27
685 96892370 27
686 96892371 27
691 96892372 27
692 96892373 27
689 96892374 27
674 96892375 27
679 96892376 27
680 96892377 27
677 96892378 27
678 96892379 27
683 96892380 27
684 96892381 27
681 96892382 27
682 96892383 27
2516 96892384 27
2515 96892385 27
2522 96892386 27
2520 96892387 27
2531 96892388 27
2507 96892389 27
2511 96892390 27
2510 96892391 27
2633 96892392 27
2508 96892393 27
2640 96892394 27
2636 96892395 27
2526 96892396 27
2524 96892397 27
2530 96892398 27
2527 96892399 27
2569 96892400 27
2567 96892401 27
2543 96892402 27
2572 96892403 27
2560 96892404 27
2559 96892405 27
2563 96892406 27
2562 96892407 27
2501 96892408 27
2500 96892409 27
2504 96892410 27
2503 96892411 27
2495 96892412 27
2494 96892413 27
2497 96892414 27
2496 96892415 27
2690 24223104 25
2904 24223105 25
2554 24223106 25
2907 24223107 25
3023 24223108 25
2903 24223109 25
2699 24223110 25
2701 24223111 25
2670 24223112 25
2675 24223113 25
2911 24223114 25
2841 24223115 25
2686 24223116 25
3012 24223117 25
2679 24223118 25
2610 24223119 25
2262 96892480 27
2275 96892481 27
2270 96892482 27
2323 96892483 27
2363 96892484 27
2324 96892485 27
2287 96892486 27
2288 96892487 27
2278 96892488 27
2279 96892489 27
2369 96892490 27
2370 96892491 27
2260 96892492 27
2367 96892493 27
2284 96892494 27
2261 96892495 27
2256 96892496 27
2257 96892497 27
2383 96892498 27
2280 96892499 27
2281 96892500 27
2317 96892501 27
2316 96892502 27
2273 96892503 27
2289 96892504 27
2290 96892505 27
2313 96892506 27
2362 96892507 27
2255 96892508 27
2052 96892509 27
2361 96892510 27
2380 96892511 27
2728 24223128 25
2715 24223129 25
2902 24223130 25
2442 24223131 25
2854 24223132 25
2285 96892532 27
2368 96892533 27
2286 96892534 27
2283 96892535 27
2856 24223134 25
3040 24223135 25
2754 24223136 25
2470 24223137 25
2748 24223138 25
2751 24223139 25
2765 24223140 25
2773 24223141 25
2762 24223142 25
2763 24223143 25
2776 24223144 25
2735 24223145 25
2616 24223146 25
2651 24223147 25
2741 24223148 25
2747 24223149 25
2736 24223150 25
2738 24223151 25
2826 24223152 25
2521 24223153 25
2802 24223154 25
2875 24223155 25
2729 24223156 25
2995 24223157 25
2833 24223158 25
2835 24223159 25
2780 24223160 25
2781 24223161 25
2661 24223162 25
2777 24223163 25
2880 24223164 25
2801 24223165 25
2788 24223166 25
2863 24223167 25
2091 96892672 27
2090 96892673 27
2093 96892674 27
2092 96892675 27
2087 96892676 27
2086 96892677 27
2089 96892678 27
2152 96892679 27
2099 96892680 27
2098 96892681 27
2088 96892682 27
2100 96892683 27
2095 96892684 27
2094 96892685 27
2097 96892686 27
2096 96892687 27
2228 96892688 27
2227 96892689 27
2077 96892690 27
2216 96892691 27
2224 96892692 27
2223 96892693 27
2226 96892694 27
2225 96892695 27
2083 96892696 27
2082 96892697 27
2085 96892698 27
2084 96892699 27
2079 96892700 27
2078 96892701 27
2081 96892702 27
2080 96892703 27
2073 96892704 27
2072 96892705 27
2075 96892706 27
2074 96892707 27
2069 96892708 27
2068 96892709 27
2071 96892710 27
2070 96892711 27
2131 96892712 27
2130 96892713 27
2133 96892714 27
2132 96892715 27
2127 96892716 27
2063 96892717 27
2129 96892718 27
2128 96892719 27
2057 96892720 27
2056 96892721 27
2059 96892722 27
2058 96892723 27
2053 96892724 27
4095 96892725 27
2055 96892726 27
2054 96892727 27
2065 96892728 27
2064 96892729 27
2067 96892730 27
2066 96892731 27
2061 96892732 27
2060 96892733 27
2076 96892734 27
2062 96892735 27
2230 96892736 27
2164 96892737 27
2232 96892738 27
2231 96892739 27
2174 96892740 27
2173 96892741 27
2176 96892742 27
2175 96892743 27
2238 96892744 27
2237 96892745 27
2240 96892746 27
2239 96892747 27
2234 96892748 27
2233 96892749 27
2236 96892750 27
2235 96892751 27
2162 96892752 27
2161 96892753 27
2177 96892754 27
2163 96892755 27
2158 96892756 27
2157 96892757 27
2160 96892758 27
2159 96892759 27
2170 96892760 27
2169 96892761 27
2172 96892762 27
2171 96892763 27
2166 96892764 27
2165 96892765 27
2168 96892766 27
2167 96892767 27
2212 96892768 27
2211 96892769 27
2214 96892770 27
2213 96892771 27
2207 96892772 27
2206 96892773 27
2210 96892774 27
2209 96892775 27
2220 96892776 27
2219 96892777 27
2222 96892778 27
2221 96892779 27
2229 96892780 27
2215 96892781 27
2218 96892782 27
2217 96892783 27
2246 96892784 27
2245 96892785 27
2248 96892786 27
2247 96892787 27
2242 96892788 27
2203 96892789 27
2244 96892790 27
2243 96892791 27
2241 96892792 27
2253 96892793 27
2205 96892794 27
2204 96892795 27
2250 96892796 27
2249 96892797 27
2252 96892798 27
2251 96892799 27
2277 96892800 27
2335 96892801 27
2337 96892802 27
2336 96892803 27
2276 96892804 27
2333 96892805 27
2334 96892806 27
2308 96892807 27
2328 96892808 27
2340 96892809 27
2304 96892810 27
2305 96892811 27
2338 96892812 27
2307 96892813 27
2339 96892814 27
2346 96892815 27
2358 96892816 27
2357 96892817 27
2264 96892818 27
2359 96892819 27
2265 96892820 27
2355 96892821 27
2292 96892822 27
2356 96892823 27
2269 96892824 27
2330 96892825 27
2332 96892826 27
2331 96892827 27
2360 96892828 27
2263 96892829 27
2329 96892830 27
2353 96892831 27
2314 96892832 27
2321 96892833 27
2379 96892834 27
2272 96892835 27
2322 96892836 27
2375 96892837 27
2259 96892838 27
2376 96892839 27
2319 96892840 27
2320 96892841 27
2318 96892842 27
2381 96892843 27
2282 96892844 27
2258 96892845 27
2274 96892846 27
2371 96892847 27
2342 96892848 27
2267 96892849 27
2344 96892850 27
2343 96892851 27
2268 96892852 27
2303 96892853 27
2341 96892854 27
2302 96892855 27
2384 96892856 27
2373 96892857 27
2374 96892858 27
2271 96892859 27
2345 96892860 27
2301 96892861 27
2372 96892862 27
2306 96892863 27
2105 96892864 27
2104 96892865 27
2107 96892866 27
2106 96892867 27
2139 96892868 27
2151 96892869 27
2103 96892870 27
2102 96892871 27
2126 96892872 27
2112 96892873 27
2115 96892874 27
2114 96892875 27
2109 96892876 27
2108 96892877 27
2111 96892878 27
2110 96892879 27
2140 96892880 27
2101 96892881 27
2142 96892882 27
2141 96892883 27
2135 96892884 27
2134 96892885 27
2138 96892886 27
2136 96892887 27
2148 96892888 27
2147 96892889 27
2150 96892890 27
2149 96892891 27
2144 96892892 27
2143 96892893 27
2146 96892894 27
2145 96892895 27
2351 96892896 27
2350 96892897 27
2295 96892898 27
2352 96892899 27
2348 96892900 27
2347 96892901 27
2296 96892902 27
2349 96892903 27
2266 96892904 27
2293 96892905 27
2325 96892906 27
2354 96892907 27
2312 96892908 27
2311 96892909 27
2294 96892910 27
2291 96892911 27
2121 96892912 27
2120 96892913 27
2123 96892914 27
2122 96892915 27
2117 96892916 27
2116 96892917 27
2119 96892918 27
2118 96892919 27
2298 96892920 27
2299 96892921 27
2297 96892922 27
2327 96892923 27
2125 96892924 27
2124 96892925 27
2310 96892926 27
2113 96892927 27
415 96892928 27
416 96892929 27
413 96892930 27
414 96892931 27
483 96892932 27
484 96892933 27
417 96892934 27
498 96892935 27
407 96892936 27
408 96892937 27
405 96892938 27
406 96892939 27
411 96892940 27
412 96892941 27
409 96892942 27
410 96892943 27
495 96892944 27
496 96892945 27
493 96892946 27
494 96892947 27
499 96892948 27
500 96892949 27
497 96892950 27
482 96892951 27
487 96892952 27
488 96892953 27
485 96892954 27
486 96892955 27
491 96892956 27
492 96892957 27
489 96892958 27
490 96892959 27
447 96892960 27
448 96892961 27
445 96892962 27
446 96892963 27
387 96892964 27
388 96892965 27
449 96892966 27
402 96892967 27
439 96892968 27
440 96892969 27
437 96892970 27
438 96892971 27
443 96892972 27
444 96892973 27
441 96892974 27
442 96892975 27
399 96892976 27
400 96892977 27
397 96892978 27
398 96892979 27
403 96892980 27
404 96892981 27
401 96892982 27
450 96892983 27
391 96892984 27
392 96892985 27
389 96892986 27
390 96892987 27
395 96892988 27
396 96892989 27
393 96892990 27
394 96892991 27
479 96892992 27
480 96892993 27
477 96892994 27
478 96892995 27
292 96892996 27
293 96892997 27
481 96892998 27
307 96892999 27
471 96893000 27
472 96893001 27
469 96893002 27
470 96893003 27
475 96893004 27
476 96893005 27
473 96893006 27
474 96893007 27
304 96893008 27
305 96893009 27
302 96893010 27
303 96893011 27
308 96893012 27
309 96893013 27
306 96893014 27
291 96893015 27
296 96893016 27
297 96893017 27
294 96893018 27
295 96893019 27
300 96893020 27
301 96893021 27
298 96893022 27
299 96893023 27
511 96893024 27
512 96893025 27
509 96893026 27
510 96893027 27
451 96893028 27
452 96893029 27
513 96893030 27
466 96893031 27
503 96893032 27
504 96893033 27
501 96893034 27
502 96893035 27
507 96893036 27
508 96893037 27
505 96893038 27
506 96893039 27
463 96893040 27
464 96893041 27
461 96893042 27
462 96893043 27
467 96893044 27
468 96893045 27
465 96893046 27
386 96893047 27
455 96893048 27
456 96893049 27
453 96893050 27
454 96893051 27
459 96893052 27
460 96893053 27
457 96893054 27
458 96893055 27
29 96893056 27
30 96893057 27
27 96893058 27
28 96893059 27
97 96893060 27
98 96893061 27
31 96893062 27
112 96893063 27
21 96893064 27
22 96893065 27
19 96893066 27
20 96893067 27
25 96893068 27
26 96893069 27
23 96893070 27
24 96893071 27
109 96893072 27
110 96893073 27
107 96893074 27
108 96893075 27
113 96893076 27
114 96893077 27
111 96893078 27
96 96893079 27
101 96893080 27
102 96893081 27
99 96893082 27
100 96893083 27
105 96893084 27
106 96893085 27
103 96893086 27
104 96893087 27
61 96893088 27
62 96893089 27
59 96893090 27
60 96893091 27
1 96893092 27
2 96893093 27
63 96893094 27
16 96893095 27
53 96893096 27
54 96893097 27
51 96893098 27
52 96893099 27
57 96893100 27
58 96893101 27
55 96893102 27
56 96893103 27
13 96893104 27
14 96893105 27
11 96893106 27
12 96893107 27
17 96893108 27
18 96893109 27
15 96893110 27
64 96893111 27
5 96893112 27
6 96893113 27
3 96893114 27
4 96893115 27
9 96893116 27
10 96893117 27
7 96893118 27
8 96893119 27
93 96893120 27
94 96893121 27
91 96893122 27
92 96893123 27
419 96893124 27
420 96893125 27
95 96893126 27
434 96893127 27
85 96893128 27
86 96893129 27
83 96893130 27
84 96893131 27
89 96893132 27
90 96893133 27
87 96893134 27
88 96893135 27
431 96893136 27
432 96893137 27
429 96893138 27
430 96893139 27
435 96893140 27
436 96893141 27
433 96893142 27
418 96893143 27
423 96893144 27
424 96893145 27
421 96893146 27
422 96893147 27
427 96893148 27
428 96893149 27
425 96893150 27
426 96893151 27
126 96893152 27
127 96893153 27
124 96893154 27
125 96893155 27
65 96893156 27
66 96893157 27
128 96893158 27
80 96893159 27
117 96893160 27
118 96893161 27
115 96893162 27
116 96893163 27
122 96893164 27
123 96893165 27
119 96893166 27
120 96893167 27
77 96893168 27
78 96893169 27
75 96893170 27
76 96893171 27
81 96893172 27
82 96893173 27
79 96893174 27
259 96893175 27
69 96893176 27
70 96893177 27
67 96893178 27
68 96893179 27
73 96893180 27
74 96893181 27
71 96893182 27
72 96893183 27
1696 96893184 27
1697 96893185 27
1694 96893186 27
1695 96893187 27
1764 96893188 27
1765 96893189 27
1778 96893190 27
1763 96893191 27
1688 96893192 27
1689 96893193 27
1686 96893194 27
1687 96893195 27
1692 96893196 27
1693 96893197 27
1690 96893198 27
1691 96893199 27
1776 96893200 27
1777 96893201 27
1774 96893202 27
1775 96893203 27
1780 96893204 27
1781 96893205 27
1762 96893206 27
1779 96893207 27
1768 96893208 27
1769 96893209 27
1766 96893210 27
1767 96893211 27
1772 96893212 27
1773 96893213 27
1770 96893214 27
1771 96893215 27
1728 96893216 27
1729 96893217 27
1726 96893218 27
1727 96893219 27
1668 96893220 27
1669 96893221 27
1682 96893222 27
1667 96893223 27
1720 96893224 27
1721 96893225 27
1718 96893226 27
1719 96893227 27
1724 96893228 27
1725 96893229 27
1722 96893230 27
1723 96893231 27
1680 96893232 27
1681 96893233 27
1678 96893234 27
1679 96893235 27
1684 96893236 27
1685 96893237 27
1730 96893238 27
1683 96893239 27
1672 96893240 27
1673 96893241 27
1670 96893242 27
1671 96893243 27
1676 96893244 27
1677 96893245 27
1674 96893246 27
1675 96893247 27
1760 96893248 27
1761 96893249 27
1758 96893250 27
1759 96893251 27
1572 96893252 27
1573 96893253 27
1586 96893254 27
1571 96893255 27
1752 96893256 27
1753 96893257 27
1750 96893258 27
1751 96893259 27
1756 96893260 27
1757 96893261 27
1754 96893262 27
1755 96893263 27
1584 96893264 27
1585 96893265 27
1582 96893266 27
1583 96893267 27
1588 96893268 27
1589 96893269 27
1570 96893270 27
1587 96893271 27
1576 96893272 27
1577 96893273 27
1574 96893274 27
1575 96893275 27
1580 96893276 27
1581 96893277 27
1578 96893278 27
1579 96893279 27
1792 96893280 27
1793 96893281 27
1790 96893282 27
1791 96893283 27
1732 96893284 27
1733 96893285 27
1746 96893286 27
1731 96893287 27
1784 96893288 27
1785 96893289 27
1782 96893290 27
1783 96893291 27
1788 96893292 27
1789 96893293 27
1786 96893294 27
1787 96893295 27
1744 96893296 27
1745 96893297 27
1742 96893298 27
1743 96893299 27
1748 96893300 27
1749 96893301 27
1666 96893302 27
1747 96893303 27
1736 96893304 27
1737 96893305 27
1734 96893306 27
1735 96893307 27
1740 96893308 27
1741 96893309 27
1738 96893310 27
1739 96893311 27
288 96893312 27
289 96893313 27
286 96893314 27
287 96893315 27
355 96893316 27
356 96893317 27
290 96893318 27
370 96893319 27
280 96893320 27
281 96893321 27
278 96893322 27
279 96893323 27
284 96893324 27
285 96893325 27
282 96893326 27
283 96893327 27
367 96893328 27
368 96893329 27
365 96893330 27
366 96893331 27
371 96893332 27
372 96893333 27
369 96893334 27
354 96893335 27
359 96893336 27
360 96893337 27
357 96893338 27
358 96893339 27
363 96893340 27
364 96893341 27
361 96893342 27
362 96893343 27
320 96893344 27
321 96893345 27
318 96893346 27
319 96893347 27
260 96893348 27
261 96893349 27
322 96893350 27
275 96893351 27
312 96893352 27
313 96893353 27
310 96893354 27
311 96893355 27
316 96893356 27
317 96893357 27
314 96893358 27
315 96893359 27
272 96893360 27
273 96893361 27
270 96893362 27
271 96893363 27
276 96893364 27
277 96893365 27
274 96893366 27
323 96893367 27
264 96893368 27
265 96893369 27
262 96893370 27
263 96893371 27
268 96893372 27
269 96893373 27
266 96893374 27
267 96893375 27
352 96893376 27
353 96893377 27
350 96893378 27
351 96893379 27
1700 96893380 27
1701 96893381 27
1714 96893382 27
1699 96893383 27
344 96893384 27
345 96893385 27
342 96893386 27
343 96893387 27
348 96893388 27
349 96893389 27
346 96893390 27
347 96893391 27
1712 96893392 27
1713 96893393 27
1710 96893394 27
1711 96893395 27
1716 96893396 27
1717 96893397 27
1698 96893398 27
1715 96893399 27
1704 96893400 27
1705 96893401 27
1702 96893402 27
1703 96893403 27
1708 96893404 27
1709 96893405 27
1706 96893406 27
1707 96893407 27
383 96893408 27
384 96893409 27
381 96893410 27
382 96893411 27
324 96893412 27
325 96893413 27
385 96893414 27
339 96893415 27
375 96893416 27
376 96893417 27
373 96893418 27
374 96893419 27
379 96893420 27
380 96893421 27
377 96893422 27
378 96893423 27
336 96893424 27
337 96893425 27
334 96893426 27
335 96893427 27
340 96893428 27
341 96893429 27
338 96893430 27
1027 96893431 27
328 96893432 27
329 96893433 27
326 96893434 27
327 96893435 27
332 96893436 27
333 96893437 27
330 96893438 27
331 96893439 27
927 96893440 27
928 96893441 27
925 96893442 27
926 96893443 27
996 96893444 27
997 96893445 27
929 96893446 27
1011 96893447 27
919 96893448 27
920 96893449 27
917 96893450 27
918 96893451 27
923 96893452 27
924 96893453 27
921 96893454 27
922 96893455 27
1008 96893456 27
1009 96893457 27
1006 96893458 27
1007 96893459 27
1012 96893460 27
1013 96893461 27
1010 96893462 27
995 96893463 27
1000 96893464 27
1001 96893465 27
998 96893466 27
999 96893467 27
1004 96893468 27
1005 96893469 27
1002 96893470 27
1003 96893471 27
959 96893472 27
960 96893473 27
957 96893474 27
958 96893475 27
899 96893476 27
900 96893477 27
961 96893478 27
914 96893479 27
951 96893480 27
952 96893481 27
949 96893482 27
950 96893483 27
955 96893484 27
956 96893485 27
953 96893486 27
954 96893487 27
911 96893488 27
912 96893489 27
909 96893490 27
910 96893491 27
915 96893492 27
916 96893493 27
913 96893494 27
962 96893495 27
903 96893496 27
904 96893497 27
901 96893498 27
902 96893499 27
907 96893500 27
908 96893501 27
905 96893502 27
906 96893503 27
992 96893504 27
993 96893505 27
989 96893506 27
991 96893507 27
803 96893508 27
804 96893509 27
994 96893510 27
818 96893511 27
983 96893512 27
984 96893513 27
981 96893514 27
982 96893515 27
987 96893516 27
988 96893517 27
985 96893518 27
986 96893519 27
815 96893520 27
816 96893521 27
813 96893522 27
814 96893523 27
819 96893524 27
820 96893525 27
817 96893526 27
802 96893527 27
807 96893528 27
808 96893529 27
805 96893530 27
806 96893531 27
811 96893532 27
812 96893533 27
809 96893534 27
810 96893535 27
1024 96893536 27
1025 96893537 27
1022 96893538 27
1023 96893539 27
963 96893540 27
964 96893541 27
1026 96893542 27
978 96893543 27
1016 96893544 27
1017 96893545 27
1014 96893546 27
1015 96893547 27
1020 96893548 27
1021 96893549 27
1018 96893550 27
1019 96893551 27
975 96893552 27
976 96893553 27
973 96893554 27
974 96893555 27
979 96893556 27
980 96893557 27
977 96893558 27
898 96893559 27
967 96893560 27
968 96893561 27
965 96893562 27
966 96893563 27
971 96893564 27
972 96893565 27
969 96893566 27
970 96893567 27
543 96893568 27
544 96893569 27
541 96893570 27
542 96893571 27
611 96893572 27
612 96893573 27
545 96893574 27
626 96893575 27
535 96893576 27
536 96893577 27
533 96893578 27
534 96893579 27
539 96893580 27
540 96893581 27
537 96893582 27
538 96893583 27
623 96893584 27
624 96893585 27
621 96893586 27
622 96893587 27
627 96893588 27
628 96893589 27
625 96893590 27
610 96893591 27
615 96893592 27
616 96893593 27
613 96893594 27
614 96893595 27
619 96893596 27
620 96893597 27
617 96893598 27
618 96893599 27
575 96893600 27
576 96893601 27
573 96893602 27
574 96893603 27
515 96893604 27
516 96893605 27
577 96893606 27
530 96893607 27
567 96893608 27
568 96893609 27
565 96893610 27
566 96893611 27
571 96893612 27
572 96893613 27
569 96893614 27
570 96893615 27
527 96893616 27
528 96893617 27
525 96893618 27
526 96893619 27
531 96893620 27
532 96893621 27
529 96893622 27
578 96893623 27
519 96893624 27
520 96893625 27
517 96893626 27
518 96893627 27
523 96893628 27
524 96893629 27
521 96893630 27
522 96893631 27
607 96893632 27
608 96893633 27
605 96893634 27
606 96893635 27
931 96893636 27
932 96893637 27
609 96893638 27
946 96893639 27
599 96893640 27
600 96893641 27
597 96893642 27
598 96893643 27
603 96893644 27
604 96893645 27
601 96893646 27
602 96893647 27
943 96893648 27
944 96893649 27
941 96893650 27
942 96893651 27
947 96893652 27
948 96893653 27
945 96893654 27
930 96893655 27
935 96893656 27
936 96893657 27
933 96893658 27
934 96893659 27
939 96893660 27
940 96893661 27
937 96893662 27
938 96893663 27
639 96893664 27
640 96893665 27
637 96893666 27
638 96893667 27
579 96893668 27
580 96893669 27
641 96893670 27
594 96893671 27
631 96893672 27
632 96893673 27
629 96893674 27
630 96893675 27
635 96893676 27
636 96893677 27
633 96893678 27
634 96893679 27
591 96893680 27
592 96893681 27
589 96893682 27
590 96893683 27
595 96893684 27
596 96893685 27
593 96893686 27
770 96893687 27
583 96893688 27
584 96893689 27
581 96893690 27
582 96893691 27
587 96893692 27
588 96893693 27
585 96893694 27
586 96893695 27
158 96893696 27
159 96893697 27
156 96893698 27
157 96893699 27
227 96893700 27
228 96893701 27
160 96893702 27
242 96893703 27
150 96893704 27
151 96893705 27
148 96893706 27
149 96893707 27
154 96893708 27
155 96893709 27
152 96893710 27
153 96893711 27
239 96893712 27
240 96893713 27
237 96893714 27
238 96893715 27
243 96893716 27
244 96893717 27
241 96893718 27
226 96893719 27
231 96893720 27
232 96893721 27
229 96893722 27
230 96893723 27
235 96893724 27
236 96893725 27
233 96893726 27
234 96893727 27
191 96893728 27
192 96893729 27
189 96893730 27
190 96893731 27
130 96893732 27
131 96893733 27
193 96893734 27
145 96893735 27
183 96893736 27
184 96893737 27
181 96893738 27
182 96893739 27
187 96893740 27
188 96893741 27
185 96893742 27
186 96893743 27
142 96893744 27
143 96893745 27
140 96893746 27
141 96893747 27
146 96893748 27
147 96893749 27
144 96893750 27
194 96893751 27
134 96893752 27
135 96893753 27
132 96893754 27
133 96893755 27
138 96893756 27
139 96893757 27
136 96893758 27
137 96893759 27
223 96893760 27
224 96893761 27
221 96893762 27
222 96893763 27
33 96893764 27
34 96893765 27
225 96893766 27
48 96893767 27
215 96893768 27
216 96893769 27
213 96893770 27
214 96893771 27
219 96893772 27
220 96893773 27
217 96893774 27
218 96893775 27
45 96893776 27
46 96893777 27
43 96893778 27
44 96893779 27
49 96893780 27
50 96893781 27
47 96893782 27
32 96893783 27
37 96893784 27
38 96893785 27
35 96893786 27
36 96893787 27
41 96893788 27
42 96893789 27
39 96893790 27
40 96893791 27
256 96893792 27
257 96893793 27
253 96893794 27
254 96893795 27
195 96893796 27
196 96893797 27
258 96893798 27
210 96893799 27
247 96893800 27
248 96893801 27
245 96893802 27
246 96893803 27
251 96893804 27
252 96893805 27
249 96893806 27
250 96893807 27
207 96893808 27
208 96893809 27
205 96893810 27
206 96893811 27
211 96893812 27
212 96893813 27
209 96893814 27
129 96893815 27
199 96893816 27
200 96893817 27
197 96893818 27
198 96893819 27
203 96893820 27
204 96893821 27
201 96893822 27
202 96893823 27
799 96893824 27
800 96893825 27
797 96893826 27
798 96893827 27
867 96893828 27
868 96893829 27
801 96893830 27
882 96893831 27
791 96893832 27
792 96893833 27
789 96893834 27
790 96893835 27
795 96893836 27
796 96893837 27
793 96893838 27
794 96893839 27
879 96893840 27
880 96893841 27
877 96893842 27
878 96893843 27
883 96893844 27
884 96893845 27
881 96893846 27
866 96893847 27
871 96893848 27
872 96893849 27
869 96893850 27
870 96893851 27
875 96893852 27
876 96893853 27
873 96893854 27
874 96893855 27
831 96893856 27
832 96893857 27
829 96893858 27
830 96893859 27
771 96893860 27
772 96893861 27
833 96893862 27
786 96893863 27
823 96893864 27
824 96893865 27
821 96893866 27
822 96893867 27
827 96893868 27
828 96893869 27
825 96893870 27
826 96893871 27
783 96893872 27
784 96893873 27
781 96893874 27
782 96893875 27
787 96893876 27
788 96893877 27
785 96893878 27
834 96893879 27
775 96893880 27
776 96893881 27
773 96893882 27
774 96893883 27
779 96893884 27
780 96893885 27
777 96893886 27
778 96893887 27
863 96893888 27
864 96893889 27
861 96893890 27
862 96893891 27
163 96893892 27
164 96893893 27
865 96893894 27
178 96893895 27
855 96893896 27
856 96893897 27
853 96893898 27
854 96893899 27
859 96893900 27
860 96893901 27
857 96893902 27
858 96893903 27
175 96893904 27
176 96893905 27
173 96893906 27
174 96893907 27
179 96893908 27
180 96893909 27
177 96893910 27
161 96893911 27
167 96893912 27
168 96893913 27
165 96893914 27
166 96893915 27
171 96893916 27
172 96893917 27
169 96893918 27
170 96893919 27
895 96893920 27
896 96893921 27
893 96893922 27
894 96893923 27
835 96893924 27
836 96893925 27
897 96893926 27
850 96893927 27
887 96893928 27
888 96893929 27
885 96893930 27
886 96893931 27
891 96893932 27
892 96893933 27
889 96893934 27
890 96893935 27
847 96893936 27
848 96893937 27
845 96893938 27
846 96893939 27
851 96893940 27
852 96893941 27
849 96893942 27
514 96893943 27
839 96893944 27
840 96893945 27
837 96893946 27
838 96893947 27
843 96893948 27
844 96893949 27
841 96893950 27
842 96893951 27
1441 96893952 27
1522 96893953 27
1439 96893954 27
1440 96893955 27
1509 96893956 27
1510 96893957 27
1507 96893958 27
1508 96893959 27
1433 96893960 27
1434 96893961 27
1431 96893962 27
1432 96893963 27
1437 96893964 27
1438 96893965 27
1435 96893966 27
1436 96893967 27
1521 96893968 27
1506 96893969 27
1519 96893970 27
1520 96893971 27
1525 96893972 27
1526 96893973 27
1523 96893974 27
1524 96893975 27
1513 96893976 27
1514 96893977 27
1511 96893978 27
1512 96893979 27
1517 96893980 27
1518 96893981 27
1515 96893982 27
1516 96893983 27
1473 96893984 27
1426 96893985 27
1471 96893986 27
1472 96893987 27
1413 96893988 27
1414 96893989 27
1411 96893990 27
1412 96893991 27
1465 96893992 27
1466 96893993 27
1463 96893994 27
1464 96893995 27
1469 96893996 27
1470 96893997 27
1467 96893998 27
1468 96893999 27
1425 96894000 27
1474 96894001 27
1423 96894002 27
1424 96894003 27
1429 96894004 27
1430 96894005 27
1427 96894006 27
1428 96894007 27
1417 96894008 27
1418 96894009 27
1415 96894010 27
1416 96894011 27
1421 96894012 27
1422 96894013 27
1419 96894014 27
1420 96894015 27
1505 96894016 27
1331 96894017 27
1503 96894018 27
1504 96894019 27
1318 96894020 27
1319 96894021 27
1316 96894022 27
1317 96894023 27
1497 96894024 27
1498 96894025 27
1495 96894026 27
1496 96894027 27
1501 96894028 27
1502 96894029 27
1499 96894030 27
1500 96894031 27
1330 96894032 27
1315 96894033 27
1328 96894034 27
1329 96894035 27
1334 96894036 27
1335 96894037 27
1332 96894038 27
1333 96894039 27
1322 96894040 27
1323 96894041 27
1320 96894042 27
1321 96894043 27
1326 96894044 27
1327 96894045 27
1324 96894046 27
1325 96894047 27
1537 96894048 27
1490 96894049 27
1535 96894050 27
1536 96894051 27
1477 96894052 27
1478 96894053 27
1475 96894054 27
1476 96894055 27
1529 96894056 27
1530 96894057 27
1527 96894058 27
1528 96894059 27
1533 96894060 27
1534 96894061 27
1531 96894062 27
1532 96894063 27
1489 96894064 27
1410 96894065 27
1487 96894066 27
1488 96894067 27
1493 96894068 27
1494 96894069 27
1491 96894070 27
1492 96894071 27
1481 96894072 27
1482 96894073 27
1479 96894074 27
1480 96894075 27
1485 96894076 27
1486 96894077 27
1483 96894078 27
1484 96894079 27
1058 96894080 27
1139 96894081 27
1056 96894082 27
1057 96894083 27
1126 96894084 27
1127 96894085 27
1124 96894086 27
1125 96894087 27
1050 96894088 27
1051 96894089 27
1048 96894090 27
1049 96894091 27
1054 96894092 27
1055 96894093 27
1052 96894094 27
1053 96894095 27
1138 96894096 27
1123 96894097 27
1136 96894098 27
1137 96894099 27
1142 96894100 27
1143 96894101 27
1140 96894102 27
1141 96894103 27
1130 96894104 27
1131 96894105 27
1128 96894106 27
1129 96894107 27
1134 96894108 27
1135 96894109 27
1132 96894110 27
1133 96894111 27
1090 96894112 27
1043 96894113 27
1088 96894114 27
1089 96894115 27
1030 96894116 27
1031 96894117 27
1028 96894118 27
1029 96894119 27
1082 96894120 27
1083 96894121 27
1080 96894122 27
1081 96894123 27
1086 96894124 27
1087 96894125 27
1084 96894126 27
1085 96894127 27
1042 96894128 27
1091 96894129 27
1040 96894130 27
1041 96894131 27
1046 96894132 27
1047 96894133 27
1044 96894134 27
1045 96894135 27
1034 96894136 27
1035 96894137 27
1032 96894138 27
1033 96894139 27
1038 96894140 27
1039 96894141 27
1036 96894142 27
1037 96894143 27
1122 96894144 27
1458 96894145 27
1120 96894146 27
1121 96894147 27
1445 96894148 27
1446 96894149 27
1443 96894150 27
1444 96894151 27
1114 96894152 27
1115 96894153 27
1112 96894154 27
1113 96894155 27
1118 96894156 27
1119 96894157 27
1116 96894158 27
1117 96894159 27
1457 96894160 27
1442 96894161 27
1455 96894162 27
1456 96894163 27
1461 96894164 27
1462 96894165 27
1459 96894166 27
1460 96894167 27
1449 96894168 27
1450 96894169 27
1447 96894170 27
1448 96894171 27
1453 96894172 27
1454 96894173 27
1451 96894174 27
1452 96894175 27
1154 96894176 27
1107 96894177 27
1152 96894178 27
1153 96894179 27
1094 96894180 27
1095 96894181 27
1092 96894182 27
1093 96894183 27
1146 96894184 27
1147 96894185 27
1144 96894186 27
1145 96894187 27
1150 96894188 27
1151 96894189 27
1148 96894190 27
1149 96894191 27
1106 96894192 27
1283 96894193 27
1104 96894194 27
1105 96894195 27
1110 96894196 27
1111 96894197 27
1108 96894198 27
1109 96894199 27
1098 96894200 27
1099 96894201 27
1096 96894202 27
1097 96894203 27
1102 96894204 27
1103 96894205 27
1100 96894206 27
1101 96894207 27
2787 48447104 26
2484 48447105 26
2300 48447106 26
2490 48447107 26
2198 48447108 26
2862 48447109 26
2931 48447110 26
2877 48447111 26
2808 48447112 26
2518 48447113 26
2810 48447114 26
2505 48447115 26
2499 48447116 26
2797 48447117 26
121 48447118 26
2534 48447119 26
2999 48447120 26
990 48447121 26
2843 48447122 26
2988 48447123 26
2309 48447124 26
2770 48447125 26
162 48447126 26
2519 48447127 26
2529 48447128 26
2855 48447129 26
2859 48447130 26
2891 48447131 26
2932 48447132 26
2845 48447133 26
2916 48447134 26
2208 48447135 26
2561 48447136 26
2453 48447137 26
2662 48447138 26
2017 48447139 26
2557 48447140 26
2644 48447141 26
2648 48447142 26
2647 48447143 26
2646 48447144 26
2671 48447145 26
2591 48447146 26
2382 48447147 26
2667 48447148 26
2663 48447149 26
2423 48447150 26
2558 48447151 26
2517 48447152 26
2823 48447153 26
2632 48447154 26
2502 48447155 26
2512 48447156 26
2509 48447157 26
2514 48447158 26
2819 48447159 26
2566 48447160 26
2639 48447161 26
2565 48447162 26
2642 48447163 26
2365 48447164 26
2366 48447165 26
2638 48447166 26
2364 48447167 26
1314 96894336 27
1394 96894337 27
1312 96894338 27
1313 96894339 27
1381 96894340 27
1382 96894341 27
1379 96894342 27
1380 96894343 27
1306 96894344 27
1307 96894345 27
1304 96894346 27
1305 96894347 27
1310 96894348 27
1311 96894349 27
1308 96894350 27
1309 96894351 27
1393 96894352 27
1378 96894353 27
1391 96894354 27
1392 96894355 27
1397 96894356 27
1398 96894357 27
1395 96894358 27
1396 96894359 27
1385 96894360 27
1386 96894361 27
1383 96894362 27
1384 96894363 27
1389 96894364 27
1390 96894365 27
1387 96894366 27
1388 96894367 27
1346 96894368 27
1299 96894369 27
1344 96894370 27
1345 96894371 27
1286 96894372 27
1287 96894373 27
1284 96894374 27
1285 96894375 27
1338 96894376 27
1339 96894377 27
1336 96894378 27
1337 96894379 27
1342 96894380 27
1343 96894381 27
1340 96894382 27
1341 96894383 27
1298 96894384 27
1347 96894385 27
1296 96894386 27
1297 96894387 27
1302 96894388 27
1303 96894389 27
1300 96894390 27
1301 96894391 27
1290 96894392 27
1291 96894393 27
1288 96894394 27
1289 96894395 27
1294 96894396 27
1295 96894397 27
1292 96894398 27
1293 96894399 27
2775 48447200 26
1376 96894402 27
1377 96894403 27
2772 48447202 26
2771 48447203 26
1370 96894408 27
1371 96894409 27
1368 96894410 27
1369 96894411 27
1374 96894412 27
1375 96894413 27
1372 96894414 27
1373 96894415 27
2473 48447208 26
2480 48447209 26
2778 48447210 26
2757 48447211 26
2476 48447212 26
2758 48447213 26
2769 48447214 26
2538 48447215 26
1409 96894432 27
1363 96894433 27
1407 96894434 27
1408 96894435 27
1350 96894436 27
1351 96894437 27
1348 96894438 27
1349 96894439 27
1401 96894440 27
1402 96894441 27
1399 96894442 27
1400 96894443 27
1405 96894444 27
1406 96894445 27
1403 96894446 27
1404 96894447 27
1362 96894448 27
2051 96894449 27
1360 96894450 27
1361 96894451 27
1366 96894452 27
1367 96894453 27
1364 96894454 27
1365 96894455 27
1354 96894456 27
1355 96894457 27
1352 96894458 27
1353 96894459 27
1358 96894460 27
1359 96894461 27
1356 96894462 27
1357 96894463 27
1951 96894464 27
1952 96894465 27
1949 96894466 27
1950 96894467 27
2021 96894468 27
2022 96894469 27
2035 96894470 27
2020 96894471 27
1943 96894472 27
1944 96894473 27
1941 96894474 27
1942 96894475 27
1947 96894476 27
1948 96894477 27
1945 96894478 27
1946 96894479 27
2033 96894480 27
2034 96894481 27
2031 96894482 27
2032 96894483 27
2037 96894484 27
2038 96894485 27
2019 96894486 27
2036 96894487 27
2025 96894488 27
2026 96894489 27
2023 96894490 27
2024 96894491 27
2029 96894492 27
2030 96894493 27
2027 96894494 27
2028 96894495 27
1983 96894496 27
1984 96894497 27
1981 96894498 27
1982 96894499 27
1923 96894500 27
1924 96894501 27
1937 96894502 27
1922 96894503 27
1975 96894504 27
1976 96894505 27
1973 96894506 27
1974 96894507 27
1979 96894508 27
1980 96894509 27
1977 96894510 27
1978 96894511 27
1935 96894512 27
1936 96894513 27
1933 96894514 27
1934 96894515 27
1939 96894516 27
1940 96894517 27
1985 96894518 27
1938 96894519 27
1927 96894520 27
1928 96894521 27
1925 96894522 27
1926 96894523 27
1931 96894524 27
1932 96894525 27
1929 96894526 27
1930 96894527 27
2016 96894528 27
2018 96894529 27
2014 96894530 27
2015 96894531 27
1828 96894532 27
1829 96894533 27
1842 96894534 27
1827 96894535 27
2008 96894536 27
2009 96894537 27
2006 96894538 27
2007 96894539 27
2012 96894540 27
2013 96894541 27
2010 96894542 27
2011 96894543 27
1840 96894544 27
1841 96894545 27
1838 96894546 27
1839 96894547 27
1844 96894548 27
1845 96894549 27
1826 96894550 27
1843 96894551 27
1832 96894552 27
1833 96894553 27
1830 96894554 27
1831 96894555 27
1836 96894556 27
1837 96894557 27
1834 96894558 27
1835 96894559 27
2049 96894560 27
2050 96894561 27
2047 96894562 27
2048 96894563 27
1987 96894564 27
1988 96894565 27
2002 96894566 27
1986 96894567 27
2041 96894568 27
2042 96894569 27
2039 96894570 27
2040 96894571 27
2045 96894572 27
2046 96894573 27
2043 96894574 27
2044 96894575 27
2000 96894576 27
2001 96894577 27
1997 96894578 27
1999 96894579 27
2004 96894580 27
2005 96894581 27
1921 96894582 27
2003 96894583 27
1991 96894584 27
1992 96894585 27
1989 96894586 27
1990 96894587 27
1995 96894588 27
1996 96894589 27
1993 96894590 27
1994 96894591 27
1568 96894592 27
1569 96894593 27
1566 96894594 27
1567 96894595 27
1636 96894596 27
1637 96894597 27
1650 96894598 27
1635 96894599 27
1560 96894600 27
1561 96894601 27
1558 96894602 27
1559 96894603 27
1564 96894604 27
1565 96894605 27
1562 96894606 27
1563 96894607 27
1648 96894608 27
1649 96894609 27
1646 96894610 27
1647 96894611 27
1652 96894612 27
1653 96894613 27
1634 96894614 27
1651 96894615 27
1640 96894616 27
1641 96894617 27
1638 96894618 27
1639 96894619 27
1644 96894620 27
1645 96894621 27
1642 96894622 27
1643 96894623 27
1600 96894624 27
1601 96894625 27
1598 96894626 27
1599 96894627 27
1540 96894628 27
1541 96894629 27
1554 96894630 27
1539 96894631 27
1592 96894632 27
1593 96894633 27
1590 96894634 27
1591 96894635 27
1596 96894636 27
1597 96894637 27
1594 96894638 27
1595 96894639 27
1552 96894640 27
1553 96894641 27
1550 96894642 27
1551 96894643 27
1556 96894644 27
1557 96894645 27
1602 96894646 27
1555 96894647 27
1544 96894648 27
1545 96894649 27
1542 96894650 27
1543 96894651 27
1548 96894652 27
1549 96894653 27
1546 96894654 27
1547 96894655 27
1632 96894656 27
1633 96894657 27
1630 96894658 27
1631 96894659 27
1955 96894660 27
1956 96894661 27
1969 96894662 27
1954 96894663 27
1624 96894664 27
1625 96894665 27
1622 96894666 27
1623 96894667 27
1628 96894668 27
1629 96894669 27
1626 96894670 27
1627 96894671 27
1967 96894672 27
1968 96894673 27
1965 96894674 27
1966 96894675 27
1971 96894676 27
1972 96894677 27
1953 96894678 27
1970 96894679 27
1959 96894680 27
1960 96894681 27
1957 96894682 27
1958 96894683 27
1963 96894684 27
1964 96894685 27
1961 96894686 27
1962 96894687 27
1664 96894688 27
1665 96894689 27
1662 96894690 27
1663 96894691 27
1604 96894692 27
1605 96894693 27
1618 96894694 27
1603 96894695 27
1656 96894696 27
1657 96894697 27
1654 96894698 27
1655 96894699 27
1660 96894700 27
1661 96894701 27
1658 96894702 27
1659 96894703 27
1616 96894704 27
1617 96894705 27
1614 96894706 27
1615 96894707 27
1620 96894708 27
1621 96894709 27
1794 96894710 27
1619 96894711 27
1608 96894712 27
1609 96894713 27
1606 96894714 27
1607 96894715 27
1612 96894716 27
1613 96894717 27
1610 96894718 27
1611 96894719 27
1186 96894720 27
1267 96894721 27
1184 96894722 27
1185 96894723 27
1254 96894724 27
1255 96894725 27
1252 96894726 27
1253 96894727 27
1178 96894728 27
1179 96894729 27
1176 96894730 27
1177 96894731 27
1182 96894732 27
1183 96894733 27
1180 96894734 27
1181 96894735 27
1266 96894736 27
1251 96894737 27
1264 96894738 27
1265 96894739 27
1270 96894740 27
1271 96894741 27
1268 96894742 27
1269 96894743 27
1258 96894744 27
1259 96894745 27
1256 96894746 27
1257 96894747 27
1262 96894748 27
1263 96894749 27
1260 96894750 27
1261 96894751 27
1218 96894752 27
1171 96894753 27
1216 96894754 27
1217 96894755 27
1158 96894756 27
1159 96894757 27
1156 96894758 27
1157 96894759 27
1210 96894760 27
1211 96894761 27
1208 96894762 27
1209 96894763 27
1214 96894764 27
1215 96894765 27
1212 96894766 27
1213 96894767 27
1170 96894768 27
1219 96894769 27
1168 96894770 27
1169 96894771 27
1174 96894772 27
1175 96894773 27
1172 96894774 27
1173 96894775 27
1162 96894776 27
1163 96894777 27
1160 96894778 27
1161 96894779 27
1166 96894780 27
1167 96894781 27
1164 96894782 27
1165 96894783 27
1250 96894784 27
1075 96894785 27
1248 96894786 27
1249 96894787 27
1062 96894788 27
1063 96894789 27
1060 96894790 27
1061 96894791 27
1242 96894792 27
1243 96894793 27
1240 96894794 27
1241 96894795 27
1246 96894796 27
1247 96894797 27
1244 96894798 27
1245 96894799 27
1074 96894800 27
1059 96894801 27
1072 96894802 27
1073 96894803 27
1078 96894804 27
1079 96894805 27
1076 96894806 27
1077 96894807 27
1066 96894808 27
1067 96894809 27
1064 96894810 27
1065 96894811 27
1070 96894812 27
1071 96894813 27
1068 96894814 27
1069 96894815 27
1282 96894816 27
1235 96894817 27
1280 96894818 27
1281 96894819 27
1222 96894820 27
1223 96894821 27
1220 96894822 27
1221 96894823 27
1274 96894824 27
1275 96894825 27
1272 96894826 27
1273 96894827 27
1278 96894828 27
1279 96894829 27
1276 96894830 27
1277 96894831 27
1234 96894832 27
1155 96894833 27
1232 96894834 27
1233 96894835 27
1238 96894836 27
1239 96894837 27
1236 96894838 27
1237 96894839 27
1226 96894840 27
1227 96894841 27
1224 96894842 27
1225 96894843 27
1230 96894844 27
1231 96894845 27
1228 96894846 27
1229 96894847 27
1824 96894848 27
1825 96894849 27
1822 96894850 27
1823 96894851 27
1891 96894852 27
1892 96894853 27
1905 96894854 27
1890 96894855 27
1816 96894856 27
1817 96894857 27
1814 96894858 27
1815 96894859 27
1820 96894860 27
1821 96894861 27
1818 96894862 27
1819 96894863 27
1903 96894864 27
1904 96894865 27
1901 96894866 27
1902 96894867 27
1907 96894868 27
1908 96894869 27
1889 96894870 27
1906 96894871 27
1895 96894872 27
1896 96894873 27
1893 96894874 27
1894 96894875 27
1899 96894876 27
1900 96894877 27
1897 96894878 27
1898 96894879 27
1856 96894880 27
1857 96894881 27
1854 96894882 27
1855 96894883 27
1796 96894884 27
1797 96894885 27
1810 96894886 27
1795 96894887 27
1848 96894888 27
1849 96894889 27
1846 96894890 27
1847 96894891 27
1852 96894892 27
1853 96894893 27
1850 96894894 27
1851 96894895 27
1808 96894896 27
1809 96894897 27
1806 96894898 27
1807 96894899 27
1812 96894900 27
1813 96894901 27
1858 96894902 27
1811 96894903 27
1800 96894904 27
1801 96894905 27
1798 96894906 27
1799 96894907 27
1804 96894908 27
1805 96894909 27
1802 96894910 27
1803 96894911 27
1888 96894912 27
1203 96894913 27
1886 96894914 27
1887 96894915 27
1190 96894916 27
1191 96894917 27
1188 96894918 27
1189 96894919 27
1880 96894920 27
1881 96894921 27
1878 96894922 27
1879 96894923 27
1884 96894924 27
1885 96894925 27
1882 96894926 27
1883 96894927 27
1202 96894928 27
1187 96894929 27
1200 96894930 27
1201 96894931 27
1206 96894932 27
1207 96894933 27
1204 96894934 27
1205 96894935 27
1194 96894936 27
1195 96894937 27
1192 96894938 27
1193 96894939 27
1198 96894940 27
1199 96894941 27
1196 96894942 27
1197 96894943 27
1919 96894944 27
1920 96894945 27
1917 96894946 27
1918 96894947 27
1860 96894948 27
1861 96894949 27
1874 96894950 27
1859 96894951 27
1911 96894952 27
1912 96894953 27
1909 96894954 27
1910 96894955 27
1915 96894956 27
1916 96894957 27
1913 96894958 27
1914 96894959 27
1872 96894960 27
1873 96894961 27
1870 96894962 27
1871 96894963 27
1876 96894964 27
1877 96894965 27
1538 96894966 27
1875 96894967 27
1864 96894968 27
1865 96894969 27
1862 96894970 27
1863 96894971 27
1868 96894972 27
1869 96894973 27
1866 96894974 27
1867 96894975 27
3914 5914 13
3902 11830 14
3900 11831 14
3918 5916 13
3915 5917 13
3875 47344 16
3143 6060160 23
3393 6060161 23
3409 6060162 23
3421 6060163 23
3184 6060164 23
3186 6060165 23
3386 6060166 23
3379 6060167 23
3270 6060168 23
3260 6060169 23
3272 6060170 23
3225 6060171 23
3233 6060172 23
3345 6060173 23
3256 6060174 23
3450 6060175 23
3506 6060176 23
3507 6060177 23
3452 6060178 23
3512 6060179 23
2654 24240720 25
2964 24240721 25
2922 24240722 25
2956 24240723 25
2972 24240724 25
2649 24240725 25
2967 24240726 25
2645 24240727 25
2934 24240728 25
2630 24240729 25
2948 24240730 25
2963 24240731 25
2950 24240732 25
2634 24240733 25
2570 24240734 25
2621 24240735 25
3082 6060184 23
3591 6060185 23
3428 6060186 23
3347 6060187 23
3042 6060188 23
3297 6060189 23
3311 6060190 23
3308 6060191 23
3712 1515048 21
3235 6060196 23
3162 6060197 23
3469 6060198 23
3504 6060199 23
3608 3030100 22
3532 3030101 22
3709 1515051 21
3768 757526 20
3693 1515054 21
3695 1515055 21
3797 378764 19
3516 3030120 22
3614 3030121 22
3610 3030122 22
3612 3030123 22
3746 757531 20
3831 189383 18
3555 3030144 22
3605 3030145 22
3677 1515073 21
3758 757537 20
3662 1515076 21
2894 12120616 24
2869 12120617 24
3170 6060309 23
3565 3030155 22
3690 1515078 21
3692 1515079 21
3839 189385 18
3855 94693 17
3872 47347 16
3903 11837 14
3793 378816 19
3425 6061072 23
3398 6061073 23
3206 6061074 23
3290 6061075 23
3367 6061076 23
3355 6061077 23
3397 6061078 23
3374 6061079 23
3701 1515270 21
3232 6061084 23
3200 6061085 23
3172 6061086 23
3173 6061087 23
3439 6061088 23
3156 6061089 23
3435 6061090 23
3274 6061091 23
3448 6061092 23
3133 6061093 23
3268 6061094 23
3252 6061095 23
3312 6061096 23
3304 6061097 23
3348 6061098 23
3331 6061099 23
3280 6061100 23
3275 6061101 23
3236 6061102 23
3288 6061103 23
3459 6061104 23
2913 24244420 25
2914 24244421 25
3060 12122211 24
3467 6061106 23
3110 6061107 23
3621 3030554 22
3533 3030555 22
3500 6061112 23
3519 6061113 23
3004 6061114 23
3494 6061115 23
3010 6061116 23
3144 6061117 23
2917 6061118 23
3480 6061119 23
3854 94705 17
3850 94706 17
3745 757656 20
3635 3030628 22
3630 3030629 22
3581 3030630 22
3620 3030631 22
3763 757658 20
3574 3030636 22
3619 3030637 22
3669 1515319 21
3825 189415 18
3869 47354 16
3849 94710 17
3733 757688 20
3765 757689 20
3792 378845 19
3796 378846 19
3788 378847 19
3888 23678 15
3799 378864 19
3807 378865 19
3756 757732 20
3636 3030932 22
3564 3030933 22
3550 3030934 22
3579 3030935 22
3794 378867 19
3824 189434 18
3727 1515480 21
3631 3030962 22
3505 3030963 22
3759 757741 20
3803 378871 19
3868 47359 16
3932 2960 12
3912 5922 13
3898 11846 14
3899 11847 14
3909 5924 13
3910 5925 13
3911 5926 13
3826 189664 18
3691 1517320 21
3653 1517321 21
3754 758661 20
3509 3034648 22
3481 3034649 22
3661 1517325 21
3722 758663 20
2984 12138624 24
2852 12138625 24
2812 12138626 24
2901 12138627 24
2978 12138628 24
2906 12138629 24
2981 12138630 24
2980 12138631 24
3101 12138632 24
3048 12138633 24
3087 12138634 24
2791 12138635 24
2807 12138636 24
2809 12138637 24
2935 12138638 24
2992 12138639 24
3167 12138640 24
3180 12138641 24
3050 12138642 24
3054 12138643 24
3183 12138644 24
3146 12138645 24
2925 12138646 24
3332 12138647 24
3055 12138648 24
3031 12138649 24
2909 12138650 24
3024 12138651 24
2991 12138652 24
3049 12138653 24
3034 12138654 24
2969 12138655 24
3489 3034664 22
3482 3034665 22
3643 3034666 22
3501 3034667 22
3570 3034668 22
2998 12138676 24
2774 12138677 24
3066 12138678 24
3067 12138679 24
3544 3034670 22
3576 3034671 22
3283 6069344 23
3234 6069345 23
3153 6069346 23
3130 6069347 23
3230 6069348 23
3376 6069349 23
3245 6069350 23
3476 6069351 23
3202 6069352 23
3399 6069353 23
3046 6069354 23
3413 6069355 23
3322 6069356 23
3168 6069357 23
3176 6069358 23
3408 6069359 23
3396 6069360 23
3531 6069361 23
3436 6069362 23
3264 6069363 23
3227 12138728 24
2926 12138729 24
3343 12138730 24
3423 12138731 24
3551 6069366 23
3427 6069367 23
3228 6069368 23
2993 6069369 23
3253 6069370 23
3341 6069371 23
3226 6069372 23
3499 6069373 23
3192 6069374 23
3259 6069375 23
3846 94834 17
3041 6069440 23
3137 6069441 23
3187 6069442 23
3294 6069443 23
3298 6069444 23
3301 6069445 23
3084 6069446 23
3174 6069447 23
3775 758681 20
3789 379341 19
3684 1517368 21
3360 6069476 23
3422 6069477 23
3545 3034739 22
3744 758685 20
3786 379343 19
3870 47418 16
3851 94838 17
3666 1517424 21
3694 1517425 21
3672 1517426 21
3710 1517427 21
3568 3034856 22
3548 3034857 22
3606 3034858 22
3185 3034859 22
3682 1517430 21
3401 3034862 22
2881 12139452 24
2987 12139453 24
3164 6069727 23
3818 189679 18
3897 11855 14
3887 23712 15
3561 3035264 22
3493 3035265 22
3518 3035266 22
3305 3035267 22
3611 3035268 22
3474 3035269 22
3624 3035270 22
3616 3035271 22
3742 758818 20
3688 1517638 21
3674 1517639 21
3827 189705 18
3782 379412 19
3751 758826 20
3752 758827 20
3785 379414 19
3351 6070640 23
3354 6070641 23
3198 6070642 23
3086 6070643 23
3359 6070644 23
3193 6070645 23
3090 6070646 23
3357 6070647 23
3629 1517662 21
3707 1517663 21
3845 94854 17
3286 6070720 23
3213 6070721 23
2929 6070722 23
3032 6070723 23
3207 6070724 23
3316 6070725 23
3075 6070726 23
3309 6070727 23
3209 6070728 23
2949 6070729 23
3190 6070730 23
3237 6070731 23
3160 6070732 23
3224 6070733 23
2946 6070734 23
3254 6070735 23
3426 6070736 23
3402 6070737 23
3116 6070738 23
3475 6070739 23
3444 6070740 23
3178 6070741 23
3410 6070742 23
3483 6070743 23
3319 6070744 23
3065 6070745 23
3205 6070746 23
3318 6070747 23
3150 6070748 23
3407 6070749 23
3333 6070750 23
3615 6070751 23
3823 189711 18
3866 47428 16
3865 47429 16
3470 3035520 22
3534 3035521 22
3572 3035522 22
3573 3035523 22
3537 3035524 22
3443 6071050 23
2698 48568408 26
2550 48568409 26
2586 24284205 25
2953 12142103 24
3549 3035526 22
3514 3035527 22
3547 3035528 22
3603 3035529 22
3703 1517765 21
3741 758883 20
3821 189721 18
3848 94861 17
3841 94862 17
3844 94863 17
3908 5929 13
3929 2965 12
3930 2966 12
3886 23736 15
3884 23737 15
3948 11869 14
3795 379840 19
3787 379841 19
3755 759684 20
3734 759685 20
3686 1519372 21
3668 1519373 21
3657 1519374 21
3665 1519375 21
3820 189922 18
3817 189923 18
3847 94962 17
3580 3038816 22
3349 3038817 22
3563 3038818 22
3461 3038819 22
3640 1519410 21
3405 3038822 22
3552 3038823 22
3777 379853 19
3819 189927 18
3490 3038848 22
3340 3038849 22
3699 1519425 21
3729 759713 20
3738 759714 20
3658 1519430 21
3711 1519431 21
3680 1519432 21
3656 1519433 21
3728 759717 20
3276 3038872 22
3526 3038873 22
3660 1519437 21
3724 759719 20
3843 94965 17
2733 24311296 25
2737 24311297 25
2724 24311298 25
2727 24311299 25
2760 24311300 25
2764 24311301 25
2749 24311302 25
2750 24311303 25
2601 24311304 25
2608 24311305 25
2617 24311306 25
2864 24311307 25
2790 24311308 25
2721 24311309 25
2589 24311310 25
2590 24311311 25
2800 24311312 25
2804 24311313 25
2796 24311314 25
2798 24311315 25
2813 24311316 25
2820 24311317 25
2805 24311318 25
2811 24311319 25
2779 24311320 25
2786 24311321 25
2766 24311322 25
2768 24311323 25
2792 24311324 25
2793 24311325 25
2789 24311326 25
2713 24311327 25
3216 6077832 23
3181 6077833 23
3257 6077834 23
3242 6077835 23
3092 6077836 23
2618 24311348 25
2588 24311349 25
2614 24311350 25
2578 24311351 25
3197 6077838 23
3279 6077839 23
2976 24311360 25
2971 24311361 25
2525 24311362 25
2513 24311363 25
2943 24311364 25
2523 24311365 25
2968 24311366 25
2506 24311367 25
3950 24311368 25
2870 24311369 25
2482 24311370 25
2436 24311371 25
3007 24311372 25
3006 24311373 25
2454 24311374 25
3015 24311375 25
2895 24311376 25
2390 24311377 25
2421 24311378 25
2474 24311379 25
2938 12155690 24
2850 12155691 24
2872 24311384 25
2882 24311385 25
2890 24311386 25
2871 24311387 25
2528 24311388 25
2315 24311389 25
2498 24311390 25
2471 24311391 25
2641 24311392 25
2847 24311393 25
2635 24311394 25
2637 24311395 25
2655 24311396 25
2656 24311397 25
2846 24311398 25
2844 24311399 25
2829 24311400 25
2664 24311401 25
2822 24311402 25
2827 24311403 25
2629 24311404 25
2568 24311405 25
2628 24311406 25
2851 24311407 25
2697 24311408 25
2704 24311409 25
2691 24311410 25
2693 24311411 25
2709 24311412 25
2710 24311413 25
2706 24311414 25
2707 24311415 25
2627 24311416 25
2668 24311417 25
2658 24311418 25
2660 24311419 25
2556 24311420 25
2689 24311421 25
2673 24311422 25
2840 24311423 25
3129 6077856 23
3039 6077857 23
3169 6077858 23
3069 6077859 23
3210 6077860 23
3456 6077861 23
3416 6077862 23
3406 6077863 23
3077 6077864 23
3395 6077865 23
3038 6077866 23
3326 6077867 23
3215 6077868 23
3179 6077869 23
3028 6077870 23
3335 6077871 23
3363 6077872 23
3387 6077873 23
3502 6077874 23
3503 6077875 23
3171 6077876 23
3269 6077877 23
3447 6077878 23
2997 6077879 23
3411 6077880 23
3414 6077881 23
3045 6077882 23
3310 6077883 23
3111 6077884 23
3361 6077885 23
3106 6077886 23
3306 6077887 23
3647 3038944 22
3536 3038945 22
3430 3038946 22
3384 3038947 22
3542 3038948 22
3540 3038949 22
3560 3038950 22
3546 3038951 22
3740 759738 20
3554 3038956 22
3497 3038957 22
3486 3038958 22
3517 3038959 22
3159 12155840 24
2799 12155841 24
2937 12155842 24
3107 12155843 24
3132 12155844 24
2942 12155845 24
2878 12155846 24
2924 12155847 24
3147 12155848 24
3148 12155849 24
2966 12155850 24
3044 12155851 24
2806 12155852 24
3263 12155853 24
3001 12155854 24
2965 12155855 24
3295 12155856 24
2885 12155857 24
3103 12155858 24
2941 12155859 24
2975 12155860 24
2915 12155861 24
2940 12155862 24
2974 12155863 24
3118 12155864 24
2933 12155865 24
3188 12155866 24
3117 12155867 24
3123 12155868 24
2816 12155869 24
2874 12155870 24
2983 12155871 24
3599 3038968 22
2842 12155876 24
2755 12155877 24
2742 12155878 24
3033 12155879 24
3539 3038970 22
3583 3038971 22
3027 12155888 24
3063 12155889 24
2828 12155890 24
2898 12155891 24
2893 12155892 24
2961 12155893 24
2834 12155894 24
2718 12155895 24
2989 12155896 24
2889 12155897 24
3076 12155898 24
2666 12155899 24
2944 12155900 24
3151 12155901 24
3080 12155902 24
3136 12155903 24
3885 23742 15
3882 23743 15
3935 742 10
3931 2972 12
3896 11892 14
3842 95144 17
3649 1522320 21
3683 1522321 21
3417 3044644 22
3601 3044645 22
3638 1522323 21
3783 380581 19
3949 380582 19
3725 761166 20
3737 761167 20
3862 47573 16
3867 47574 16
3790 380600 19
3687 1522404 21
3145 6089620 23
3293 6089621 23
3356 3044811 22
3730 761203 20
3822 190301 18
3816 190302 18
3774 380606 19
3362 3044856 22
3492 3044857 22
3321 3044858 22
3424 3044859 22
3529 3044860 22
3323 3044861 22
3559 3044862 22
3488 3044863 22
3906 5947 13
3881 23792 15
3814 190344 18
3791 380690 19
3655 1522764 21
3520 3045530 22
3587 3045531 22
3654 1522766 21
3521 3045534 22
3478 3045535 22
3813 190346 18
3784 380694 19
3633 1522780 21
3673 1522781 21
3731 761391 20
3864 47587 16
3895 11897 14
3905 5949 13
3925 2975 12
3936 93 7
3946 47 6
3941 3 2
