3939 0 4
3938 8 4
3940 4 3
3942 2 3
3943 6 3
3944 1 3
3945 5 4
3937 13 5
3947 29 11
3934 1053 12
3883 3101 16
3861 35869 17
3778 101405 20
2923 625693 24
3222 9014301 24
3138 4819997 24
2876 13208605 24
3287 2722845 24
3142 11111453 24
3009 6917149 24
3291 15305757 24
3632 1674269 22
3025 3771421 24
3487 12160029 24
2986 7965725 24
2979 16354333 24
3736 363549 21
3267 1412125 23
3446 5606429 23
3592 3509277 23
3441 7703581 23
3747 887837 21
3689 1936413 21
3403 232477 24
3370 8621085 24
3330 4426781 24
3328 12815389 24
3378 2329629 23
3108 6523933 24
3057 14912541 24
2837 1281053 24
3052 9669661 24
3218 5475357 24
3051 13863965 24
3081 3378205 24
3194 11766813 24
3088 7572509 24
3353 15961117 24
3602 756765 23
3588 4951069 23
3454 2853917 23
3377 7048221 23
3382 1805341 23
3337 5999645 23
3154 3902493 23
3513 8096797 23
3812 494621 19
3894 19485 15
3907 11293 14
3926 7197 13
3928 541 13
3927 4637 13
3924 2589 13
3781 6685 20
3776 530973 20
3780 268829 20
3702 793117 21
3659 1841693 22
3678 3938845 22
3726 137757 21
3134 1186333 24
2970 9574941 24
3575 5380637 23
3589 3283485 22
3720 662045 21
3743 1710621 21
3773 399901 20
3766 924189 20
3863 72221 17
3871 39453 17
3437 104989 23
3282 4299293 23
3217 2202141 23
3466 6396445 23
3598 1153565 22
3664 3250717 22
3465 629277 23
3473 4823581 23
3464 2726429 23
3451 6920733 23
3528 1677853 23
3329 5872157 23
3314 3775005 23
3201 7969309 23
3815 367133 19
3739 236061 21
3523 1284637 23
3524 5478941 23
3538 3381789 23
3344 7576093 23
255 760349 20
0 498205 19
3893 23069 15
3880 14877 16
3645 47645 22
3617 2144797 22
3453 1096221 23
3358 5290525 23
3058 3193373 24
3158 11581981 24
3571 7387677 23
3772 571933 20
3809 309789 19
3840 178717 18
3860 113181 17
3718 31261 21
3717 1079837 21
3675 555549 22
3634 2652701 22
3600 1604125 22
3652 3701277 22
3810 293405 19
3296 162333 23
3149 4356637 23
3261 2259485 23
3442 6453789 23
2910 1210909 25
2918 17988125 25
2955 9599517 25
2725 26376733 25
2897 5405213 25
2838 22182429 25
2714 13793821 25
2678 30571037 25
3420 3308061 23
2609 7502365 25
2702 24279581 25
3003 15890973 25
2674 32668189 25
3440 686621 23
3285 4880925 23
3508 2783773 23
3221 6978077 23
3262 1735197 23
3463 5929501 23
3289 3832349 23
3365 8026653 23
3022 424477 24
3020 8813085 24
3392 4618781 24
3016 13007389 24
2952 2521629 25
2860 19298845 25
3000 10910237 25
2600 27687453 25
2631 6715933 25
2896 23493149 26
1998 57047581 26
2947 15104541 25
2861 31881757 25
3212 1473053 24
3140 9861661 24
3070 5667357 24
3037 14055965 24
3121 3570205 24
3074 11958813 24
3141 7764509 24
3334 16153117 24
2868 948765 25
3099 17725981 25
2939 9337373 25
2883 26114589 25
2945 5143069 25
2865 21920285 25
3100 13531677 25
2825 30308893 25
2717 3045917 25
3375 19823133 25
2900 11434525 25
3019 28211741 25
2783 7240221 25
2785 24017437 25
3271 15628829 25
2795 32406045 25
2848 1997341 25
3059 18774557 25
2730 10385949 25
2962 27163165 25
2930 6191645 25
2832 22968861 25
2571 14580253 25
2957 31357469 25
2867 4094493 25
2821 20871709 25
2866 12483101 25
2824 29260317 25
2815 8288797 25
2818 25066013 25
2873 16677405 25
2814 33454621 25
3837 96797 18
3495 227869 24
3491 8616477 24
3115 4422173 24
2849 12810781 24
3095 2325021 24
3460 10713629 24
3383 6519325 24
3094 14907933 24
3582 1276445 22
3195 3373597 24
3352 11762205 24
3120 7567901 24
3455 15956509 24
3047 752157 24
3412 9140765 24
3102 4946461 24
3085 13335069 24
3324 2849309 24
3139 11237917 24
2920 7043613 24
3068 15432221 24
3109 1800733 24
3098 10189341 24
3484 5995037 24
3220 14383645 24
3248 3897885 24
2982 12286493 24
3191 8092189 24
2985 16480797 24
3771 490013 20
3705 1014301 21
3278 2062877 23
3385 6257181 23
3650 4160029 22
3878 64029 16
3921 1565 13
3922 5661 13
3858 3613 17
3857 69149 17
3877 36381 16
3892 19997 15
3769 11805 20
3637 536093 22
3667 2633245 22
3676 1584669 22
3577 3681821 22
3811 273949 19
3808 142877 19
3553 405021 22
3628 2502173 22
3714 1453597 21
3770 929309 20
3836 77341 18
3761 208413 20
3779 732701 20
3458 470557 23
3380 4664861 23
3578 2567709 23
3165 6762013 23
3307 1519133 23
3511 5713437 23
3558 3616285 23
3543 7810589 23
3696 994845 21
3418 2043421 23
3567 6237725 23
3530 4140573 23
3433 8334877 23
3879 44573 16
3400 28189 23
3496 4222493 23
3243 2125341 23
3381 6319645 23
3415 1076765 23
3525 5271069 23
3556 3173917 23
3449 7368221 23
3515 552477 23
3432 4746781 23
3122 2649629 23
3157 6843933 23
3389 1601053 23
3244 5795357 23
3485 3698205 23
3249 7892509 23
3679 290333 22
3594 2387485 22
3586 1338909 22
3648 3436061 22
3214 814621 23
3472 5008925 23
3527 2911773 23
3161 7106077 23
3671 1863197 22
3642 3960349 22
3833 159261 18
3748 93725 21
3713 1142301 21
3373 618013 23
3364 4812317 23
3627 2715165 22
3721 1666589 21
3804 355869 19
3838 224797 18
3590 60957 22
3644 2158109 22
3604 1109533 22
3613 3206685 22
3685 585245 21
3697 1633821 21
3805 323101 19
3760 192029 20
3750 716317 20
3764 454173 20
3706 978461 21
3719 2027037 21
3859 126493 17
3920 7709 13
3923 285 13
3917 4381 13
3876 2333 16
3832 35101 18
3834 166173 18
3806 100637 19
3056 362781 23
3273 4557085 23
3371 2459933 23
3320 6654237 23
3284 1411357 23
3250 5605661 23
3258 3508509 23
3388 7702813 23
3431 887069 23
3346 5081373 23
3522 2984221 23
3477 7178525 23
3166 1935645 23
3313 6129949 23
3265 4032797 23
3366 8227101 23
3135 231709 24
3008 8620317 24
2996 4426013 24
3005 12814621 24
3128 2328861 24
3014 10717469 24
3131 6523165 24
3011 14911773 24
3438 1280285 24
3247 9668893 24
2973 5474589 24
3479 13863197 24
3255 3377437 24
2994 11766045 24
3251 7571741 24
2990 15960349 24
3419 755997 23
3229 4950301 23
3404 2853149 23
3246 7047453 23
3238 1804573 23
3429 5998877 23
3211 3901725 23
3277 8096029 23
2888 493853 24
3064 8882461 24
2919 4688157 24
2927 13076765 24
3035 2591005 24
3155 10979613 24
3126 6785309 24
3030 15173917 24
3175 1542429 24
3223 9931037 24
2921 5736733 24
2853 14125341 24
3204 3639581 24
3199 12028189 24
2928 7833885 24
2857 16222493 24
3091 1018141 24
3096 9406749 24
3339 5212445 24
3114 13601053 24
2794 3115293 24
3021 11503901 24
3097 7309597 24
3152 15698205 24
3125 2066717 24
3062 10455325 24
3043 6261021 24
3303 14649629 24
3327 4163869 24
3072 12552477 24
3315 8358173 24
3394 16746781 24
3753 18717 20
3597 543005 22
2954 2640157 24
2905 11028765 24
3231 6834461 24
3061 15223069 24
3641 1591581 22
3593 3688733 22
3670 280861 21
3468 1329437 23
3445 5523741 23
3457 3426589 23
3498 7620893 23
3732 805149 21
3708 1853725 21
3835 149789 18
3830 84253 18
3651 215325 22
3569 2312477 22
3607 1263901 22
3622 3361053 22
3700 739613 21
3735 1788189 21
3802 477469 19
3874 51485 16
3904 10525 14
3901 6429 14
3890 14621 15
3856 31005 17
3767 96541 20
3723 620829 21
3715 1669405 21
3801 358685 19
3829 227613 18
3873 63773 16
3916 1309 13
3919 5405 13
3933 3357 12
3913 797 13
3889 4893 15
3891 21277 15
3434 13085 23
3203 4207389 23
3317 2110237 23
3013 6304541 23
3299 1061661 23
3471 5255965 23
3302 3158813 23
3300 7353117 23
3698 537373 21
3325 1585949 23
3350 5780253 23
3336 3683101 23
3163 7877405 23
3372 275229 23
3369 4469533 23
3029 2372381 23
3177 6566685 23
3535 1323805 23
3342 5518109 23
3093 3420957 23
3266 7615261 23
3240 799517 23
3566 4993821 23
3292 2896669 23
3338 7090973 23
3390 1848093 23
3112 6042397 23
3241 3945245 23
3281 8139549 23
3762 144157 20
3749 668445 20
3798 406301 19
3562 78621 22
3639 2175773 22
3716 1127197 21
3757 602909 20
3800 340765 19
3681 209693 21
3704 1258269 21
3510 733981 22
3618 2831133 22
3557 1782557 22
3541 3879709 22
3626 471837 22
3625 2568989 22
3646 1520413 22
3595 3617565 22
3584 996125 22
3623 3093277 22
3663 2044701 22
3462 4141853 22
3853 45853 17
3852 111389 17
3828 29469 18
3391 160541 24
3239 8549149 24
3219 4354845 24
3368 12743453 24
3189 2257693 24
2836 10646301 24
3208 6451997 24
3196 14840605 24
3073 1209117 24
2912 9597725 24
3053 5403421 24
2958 13792029 24
3083 3306269 24
3089 11694877 24
3078 7500573 24
3079 15889181 24
2548 684829 26
2604 34239261 26
2720 17462045 26
2719 51016477 26
2625 9073437 26
2623 42627869 26
2402 25850653 26
2626 59405085 26
2545 4879133 26
2455 38433565 26
2457 21656349 26
2711 55210781 26
2723 13267741 26
2722 46822173 26
2546 30044957 26
2326 63599389 26
2581 2781981 26
2582 36336413 26
2579 19559197 26
2580 53113629 26
2595 11170589 26
2594 44725021 26
2597 27947805 26
2596 61502237 26
2575 6976285 26
2611 40530717 26
2398 23753501 26
2573 57307933 26
2577 15364893 26
2406 48919325 26
2377 32142109 26
2378 65696541 26
2549 1733405 26
2700 35287837 26
2705 18510621 26
2676 52065053 26
2688 10122013 26
2685 43676445 26
2551 26899229 26
2694 60453661 26
2817 5927709 24
3182 14316317 24
2746 3830557 26
2744 37384989 26
2752 20607773 26
2464 54162205 26
2459 12219165 26
2734 45773597 26
2743 28996381 26
2460 62550813 26
2555 8024861 26
2681 41579293 26
2684 24802077 26
2683 58356509 26
2544 16413469 26
2137 49967901 26
2677 33190685 26
2564 66745117 26
3596 422685 22
3071 2519837 24
3113 10908445 24
3105 6714141 24
3127 15102749 24
3585 1471261 22
3609 3568413 22
2839 946973 24
2936 9335581 24
2977 5141277 24
3002 13529885 24
3026 3044125 24
3104 11432733 24
3017 7238429 24
3018 15627037 24
2858 1995549 24
3119 10384157 24
2899 6189853 24
2886 14578461 24
2960 4092701 24
2951 12481309 24
3124 8287005 24
3036 16675613 24
4017 95005 27
4016 67203869 27
4019 33649437 27
4018 100758301 27
4013 16872221 27
4012 83981085 27
4015 50426653 27
4014 117535517 27
4025 8483613 27
4024 75592477 27
4027 42038045 27
4026 109146909 27
4032 25260829 27
4020 92369693 27
4023 58815261 27
4022 125924125 27
4043 4289309 27
2712 71398173 27
4045 37843741 27
4044 104952605 27
4039 21066525 27
4038 88175389 27
4041 54620957 27
4040 121729821 27
4051 12677917 27
4050 79786781 27
4042 46232349 27
4052 113341213 27
4047 29455133 27
4046 96563997 27
4049 63009565 27
4048 130118429 27
4091 2192157 27
4090 69301021 27
4093 35746589 27
4092 102855453 27
4087 18969373 27
4086 86078237 27
4089 52523805 27
4088 119632669 27
4057 10580765 27
4056 77689629 27
4059 44135197 27
4058 111244061 27
4084 27357981 27
4094 94466845 27
4055 60912413 27
4054 128021277 27
4075 6386461 27
4021 73495325 27
4077 39940893 27
4076 107049757 27
4029 23163677 27
4028 90272541 27
4031 56718109 27
4030 123826973 27
4083 14775069 27
4082 81883933 27
4085 48329501 27
4053 115438365 27
4079 31552285 27
4078 98661149 27
4081 65106717 27
4080 132215581 27
2468 1143581 27
2467 68252445 27
2472 34698013 27
2469 101806877 27
2463 17920797 27
2396 85029661 27
2466 51475229 27
2465 118584093 27
2483 9532189 27
2481 76641053 27
2486 43086621 27
2485 110195485 27
2477 26309405 27
2475 93418269 27
2479 59863837 27
2433 126972701 27
2410 5337885 27
2395 72446749 27
2399 38892317 27
2397 106001181 27
2392 22115101 27
2391 89223965 27
2394 55669533 27
2393 122778397 27
2407 13726493 27
2405 80835357 27
2409 47280925 27
2408 114389789 27
2401 30503709 27
2400 97612573 27
2404 64058141 27
2403 131167005 27
2451 3240733 27
2450 70349597 27
2456 36795165 27
2452 103904029 27
2447 20017949 27
2446 87126813 27
2449 53572381 27
2448 120681245 27
4035 11629341 27
4034 78738205 27
4037 45183773 27
4036 112292637 27
2461 28406557 27
2458 95515421 27
4033 61960989 27
2445 129069853 27
2478 7435037 27
2492 74543901 27
2435 40989469 27
2434 108098333 27
2488 24212253 27
2487 91321117 27
2491 57766685 27
2489 124875549 27
2443 15823645 27
2441 82932509 27
2462 49378077 27
2444 116486941 27
2438 32600861 27
2437 99709725 27
2440 66155293 27
2439 133264157 27
3977 619293 27
3976 67728157 27
3990 34173725 27
3978 101282589 27
3973 17396509 27
3972 84505373 27
3975 50950941 27
3974 118059805 27
3985 9007901 27
3984 76116765 27
3987 42562333 27
3986 109671197 27
3981 25785117 27
3980 92893981 27
3983 59339549 27
3982 126448413 27
4003 4813597 27
4002 71922461 27
4005 38368029 27
4004 105476893 27
3999 21590813 27
3998 88699677 27
4001 55145245 27
3969 122254109 27
4000 13202205 27
4010 80311069 27
3971 46756637 27
3970 113865501 27
4007 29979421 27
4006 97088285 27
4009 63533853 27
4008 130642717 27
2196 2716445 27
2195 69825309 27
2199 36270877 27
2197 103379741 27
2192 19493661 27
2191 86602525 27
2194 53048093 27
2193 120156957 27
2154 11105053 27
2153 78213917 27
2156 44659485 27
2155 111768349 27
2201 27882269 27
2200 94991133 27
2189 61436701 27
2202 128545565 27
2180 6910749 27
2179 74019613 27
2182 40465181 27
2181 107574045 27
3989 23687965 27
3988 90796829 27
2178 57242397 27
3979 124351261 27
2188 15299357 27
2187 82408221 27
2190 48853789 27
2254 115962653 27
2184 32076573 27
2183 99185437 27
2186 65631005 27
2185 132739869 27
3955 1667869 27
3954 68776733 27
3957 35222301 27
3956 102331165 27
3951 18445085 27
2959 85553949 27
3953 51999517 27
3952 119108381 27
3963 10056477 27
3962 77165341 27
3965 43610909 27
3964 110719773 27
3959 26833693 27
4011 93942557 27
3961 60388125 27
3960 127496989 27
4065 5862173 27
4064 72971037 27
4067 39416605 27
4066 106525469 27
4061 22639389 27
4060 89748253 27
4074 56193821 27
4062 123302685 27
4073 14250781 27
4072 81359645 27
2908 47805213 27
4063 114914077 27
4069 31027997 27
4068 98136861 27
4071 64582429 27
4070 131691293 27
2879 3765021 27
2831 70873885 27
2887 37319453 27
2884 104428317 27
2784 20542237 27
2782 87651101 27
2830 54096669 27
2803 121205533 27
3995 12153629 27
3994 79262493 27
3997 45708061 27
3996 112816925 27
3991 28930845 27
2759 96039709 27
3993 62485277 27
3992 129594141 27
2726 7959325 27
2716 75068189 27
2732 41513757 27
2731 108622621 27
3967 24736541 27
3966 91845405 27
3958 58290973 27
3968 125399837 27
2892 16347933 27
2756 83456797 27
2767 49902365 27
2761 117011229 27
2740 33125149 27
2739 100234013 27
2753 66679581 27
2745 133788445 27
671 357149 27
672 67466013 27
669 33911581 27
670 101020445 27
739 17134365 27
740 84243229 27
673 50688797 27
754 117797661 27
663 8745757 27
664 75854621 27
661 42300189 27
662 109409053 27
667 25522973 27
668 92631837 27
665 59077405 27
666 126186269 27
751 4551453 27
752 71660317 27
749 38105885 27
750 105214749 27
755 21328669 27
756 88437533 27
753 54883101 27
738 121991965 27
743 12940061 27
744 80048925 27
741 46494493 27
742 113603357 27
747 29717277 27
748 96826141 27
745 63271709 27
746 130380573 27
703 2454301 27
704 69563165 27
701 36008733 27
702 103117597 27
643 19231517 27
644 86340381 27
705 52785949 27
658 119894813 27
695 10842909 27
696 77951773 27
693 44397341 27
694 111506205 27
699 27620125 27
700 94728989 27
697 61174557 27
698 128283421 27
655 6648605 27
656 73757469 27
653 40203037 27
654 107311901 27
659 23425821 27
660 90534685 27
657 56980253 27
706 124089117 27
647 15037213 27
648 82146077 27
645 48591645 27
646 115700509 27
651 31814429 27
652 98923293 27
649 65368861 27
650 132477725 27
735 1405725 27
736 68514589 27
733 34960157 27
734 102069021 27
547 18182941 27
548 85291805 27
737 51737373 27
562 118846237 27
727 9794333 27
728 76903197 27
725 43348765 27
726 110457629 27
731 26571549 27
732 93680413 27
729 60125981 27
730 127234845 27
559 5600029 27
560 72708893 27
557 39154461 27
558 106263325 27
563 22377245 27
564 89486109 27
561 55931677 27
546 123040541 27
551 13988637 27
552 81097501 27
549 47543069 27
550 114651933 27
555 30765853 27
556 97874717 27
553 64320285 27
554 131429149 27
767 3502877 27
768 70611741 27
765 37057309 27
766 104166173 27
707 20280093 27
708 87388957 27
769 53834525 27
722 120943389 27
759 11891485 27
760 79000349 27
757 45445917 27
758 112554781 27
763 28668701 27
764 95777565 27
761 62223133 27
762 129331997 27
719 7697181 27
720 74806045 27
717 41251613 27
718 108360477 27
723 24474397 27
724 91583261 27
721 58028829 27
642 125137693 27
711 16085789 27
712 83194653 27
709 49640221 27
710 116749085 27
715 32863005 27
716 99971869 27
713 66417437 27
714 133526301 27
2585 881437 27
2584 67990301 27
2592 34435869 27
2587 101544733 27
2665 17658653 27
2708 84767517 27
2583 51213085 27
2576 118321949 27
2605 9270045 27
2603 76378909 27
2607 42824477 27
2606 109933341 27
2598 26047261 27
2593 93156125 27
2624 59601693 27
2599 126710557 27
2659 5075741 27
2657 72184605 27
2669 38630173 27
2574 105739037 27
2650 21852957 27
2643 88961821 27
2653 55407389 27
2652 122516253 27
2695 13464349 27
2692 80573213 27
2703 47018781 27
2696 114127645 27
2680 30241565 27
2672 97350429 27
2687 63795997 27
2682 130904861 27
2427 2978589 27
2426 70087453 27
2429 36533021 27
2428 103641885 27
2422 19755805 27
2493 86864669 27
2425 53310237 27
2424 120419101 27
2387 11367197 27
2386 78476061 27
2389 44921629 27
2388 112030493 27
2431 28144413 27
2430 95253277 27
2420 61698845 27
2432 128807709 27
2622 7172893 27
2620 74281757 27
2411 40727325 27
2602 107836189 27
2613 23950109 27
2612 91058973 27
2619 57504541 27
2615 124613405 27
2417 15561501 27
2416 82670365 27
2419 49115933 27
2418 116224797 27
2413 32338717 27
2412 99447581 27
2415 65893149 27
2414 133002013 27
2535 1930013 27
2533 69038877 27
2537 35484445 27
2536 102593309 27
675 18707229 27
676 85816093 27
2532 52261661 27
690 119370525 27
2547 10318621 27
2385 77427485 27
2553 43873053 27
2552 110981917 27
2540 27095837 27
2539 94204701 27
2542 60650269 27
2541 127759133 27
687 6124317 27
688 73233181 27
685 39678749 27
686 106787613 27
691 22901533 27
692 90010397 27
689 56455965 27
674 123564829 27
679 14512925 27
680 81621789 27
677 48067357 27
678 115176221 27
683 31290141 27
684 98399005 27
681 64844573 27
682 131953437 27
2516 4027165 27
2515 71136029 27
2522 37581597 27
2520 104690461 27
2531 20804381 27
2507 87913245 27
2511 54358813 27
2510 121467677 27
2633 12415773 27
2508 79524637 27
2640 45970205 27
2636 113079069 27
2526 29192989 27
2524 96301853 27
2530 62747421 27
2527 129856285 27
2569 8221469 27
2567 75330333 27
2543 41775901 27
2572 108884765 27
2560 24998685 27
2559 92107549 27
2563 58553117 27
2562 125661981 27
2501 16610077 27
2500 83718941 27
2504 50164509 27
2503 117273373 27
2495 33387293 27
2494 100496157 27
2497 66941725 27
2496 134050589 27
2690 226077 25
2904 17003293 25
2554 8614685 25
2907 25391901 25
3023 4420381 25
2903 21197597 25
2699 12808989 25
2701 29586205 25
2670 2323229 25
2675 19100445 25
2911 10711837 25
2841 27489053 25
2686 6517533 25
3012 23294749 25
2679 14906141 25
2610 31683357 25
2262 1274653 27
2275 68383517 27
2270 34829085 27
2323 101937949 27
2363 18051869 27
2324 85160733 27
2287 51606301 27
2288 118715165 27
2278 9663261 27
2279 76772125 27
2369 43217693 27
2370 110326557 27
2260 26440477 27
2367 93549341 27
2284 59994909 27
2261 127103773 27
2256 5468957 27
2257 72577821 27
2383 39023389 27
2280 106132253 27
2281 22246173 27
2317 89355037 27
2316 55800605 27
2273 122909469 27
2289 13857565 27
2290 80966429 27
2313 47411997 27
2362 114520861 27
2255 30634781 27
2052 97743645 27
2361 64189213 27
2380 131298077 27
2728 3371805 25
2715 20149021 25
2902 11760413 25
2442 28537629 25
2854 7566109 25
2285 24343325 27
2368 91452189 27
2286 57897757 27
2283 125006621 27
2856 15954717 25
3040 32731933 25
2754 750365 25
2470 17527581 25
2748 9138973 25
2751 25916189 25
2765 4944669 25
2773 21721885 25
2762 13333277 25
2763 30110493 25
2776 2847517 25
2735 19624733 25
2616 11236125 25
2651 28013341 25
2741 7041821 25
2747 23819037 25
2736 15430429 25
2738 32207645 25
2826 1798941 25
2521 18576157 25
2802 10187549 25
2875 26964765 25
2729 5993245 25
2995 22770461 25
2833 14381853 25
2835 31159069 25
2780 3896093 25
2781 20673309 25
2661 12284701 25
2777 29061917 25
2880 8090397 25
2801 24867613 25
2788 16479005 25
2863 33256221 25
2091 488221 27
2090 67597085 27
2093 34042653 27
2092 101151517 27
2087 17265437 27
2086 84374301 27
2089 50819869 27
2152 117928733 27
2099 8876829 27
2098 75985693 27
2088 42431261 27
2100 109540125 27
2095 25654045 27
2094 92762909 27
2097 59208477 27
2096 126317341 27
2228 4682525 27
2227 71791389 27
2077 38236957 27
2216 105345821 27
2224 21459741 27
2223 88568605 27
2226 55014173 27
2225 122123037 27
2083 13071133 27
2082 80179997 27
2085 46625565 27
2084 113734429 27
2079 29848349 27
2078 96957213 27
2081 63402781 27
2080 130511645 27
2073 2585373 27
2072 69694237 27
2075 36139805 27
2074 103248669 27
2069 19362589 27
2068 86471453 27
2071 52917021 27
2070 120025885 27
2131 10973981 27
2130 78082845 27
2133 44528413 27
2132 111637277 27
2127 27751197 27
2063 94860061 27
2129 61305629 27
2128 128414493 27
2057 6779677 27
2056 73888541 27
2059 40334109 27
2058 107442973 27
2053 23556893 27
4095 90665757 27
2055 57111325 27
2054 124220189 27
2065 15168285 27
2064 82277149 27
2067 48722717 27
2066 115831581 27
2061 31945501 27
2060 99054365 27
2076 65499933 27
2062 132608797 27
2230 1536797 27
2164 68645661 27
2232 35091229 27
2231 102200093 27
2174 18314013 27
2173 85422877 27
2176 51868445 27
2175 118977309 27
2238 9925405 27
2237 77034269 27
2240 43479837 27
2239 110588701 27
2234 26702621 27
2233 93811485 27
2236 60257053 27
2235 127365917 27
2162 5731101 27
2161 72839965 27
2177 39285533 27
2163 106394397 27
2158 22508317 27
2157 89617181 27
2160 56062749 27
2159 123171613 27
2170 14119709 27
2169 81228573 27
2172 47674141 27
2171 114783005 27
2166 30896925 27
2165 98005789 27
2168 64451357 27
2167 131560221 27
2212 3633949 27
2211 70742813 27
2214 37188381 27
2213 104297245 27
2207 20411165 27
2206 87520029 27
2210 53965597 27
2209 121074461 27
2220 12022557 27
2219 79131421 27
2222 45576989 27
2221 112685853 27
2229 28799773 27
2215 95908637 27
2218 62354205 27
2217 129463069 27
2246 7828253 27
2245 74937117 27
2248 41382685 27
2247 108491549 27
2242 24605469 27
2203 91714333 27
2244 58159901 27
2243 125268765 27
2241 16216861 27
2253 83325725 27
2205 49771293 27
2204 116880157 27
2250 32994077 27
2249 100102941 27
2252 66548509 27
2251 133657373 27
2277 1012509 27
2335 68121373 27
2337 34566941 27
2336 101675805 27
2276 17789725 27
2333 84898589 27
2334 51344157 27
2308 118453021 27
2328 9401117 27
2340 76509981 27
2304 42955549 27
2305 110064413 27
2338 26178333 27
2307 93287197 27
2339 59732765 27
2346 126841629 27
2358 5206813 27
2357 72315677 27
2264 38761245 27
2359 105870109 27
2265 21984029 27
2355 89092893 27
2292 55538461 27
2356 122647325 27
2269 13595421 27
2330 80704285 27
2332 47149853 27
2331 114258717 27
2360 30372637 27
2263 97481501 27
2329 63927069 27
2353 131035933 27
2314 3109661 27
2321 70218525 27
2379 36664093 27
2272 103772957 27
2322 19886877 27
2375 86995741 27
2259 53441309 27
2376 120550173 27
2319 11498269 27
2320 78607133 27
2318 45052701 27
2381 112161565 27
2282 28275485 27
2258 95384349 27
2274 61829917 27
2371 128938781 27
2342 7303965 27
2267 74412829 27
2344 40858397 27
2343 107967261 27
2268 24081181 27
2303 91190045 27
2341 57635613 27
2302 124744477 27
2384 15692573 27
2373 82801437 27
2374 49247005 27
2271 116355869 27
2345 32469789 27
2301 99578653 27
2372 66024221 27
2306 133133085 27
2105 2061085 27
2104 69169949 27
2107 35615517 27
2106 102724381 27
2139 18838301 27
2151 85947165 27
2103 52392733 27
2102 119501597 27
2126 10449693 27
2112 77558557 27
2115 44004125 27
2114 111112989 27
2109 27226909 27
2108 94335773 27
2111 60781341 27
2110 127890205 27
2140 6255389 27
2101 73364253 27
2142 39809821 27
2141 106918685 27
2135 23032605 27
2134 90141469 27
2138 56587037 27
2136 123695901 27
2148 14643997 27
2147 81752861 27
2150 48198429 27
2149 115307293 27
2144 31421213 27
2143 98530077 27
2146 64975645 27
2145 132084509 27
2351 4158237 27
2350 71267101 27
2295 37712669 27
2352 104821533 27
2348 20935453 27
2347 88044317 27
2296 54489885 27
2349 121598749 27
2266 12546845 27
2293 79655709 27
2325 46101277 27
2354 113210141 27
2312 29324061 27
2311 96432925 27
2294 62878493 27
2291 129987357 27
2121 8352541 27
2120 75461405 27
2123 41906973 27
2122 109015837 27
2117 25129757 27
2116 92238621 27
2119 58684189 27
2118 125793053 27
2298 16741149 27
2299 83850013 27
2297 50295581 27
2327 117404445 27
2125 33518365 27
2124 100627229 27
2310 67072797 27
2113 134181661 27
415 62237 27
416 67171101 27
413 33616669 27
414 100725533 27
483 16839453 27
484 83948317 27
417 50393885 27
498 117502749 27
407 8450845 27
408 75559709 27
405 42005277 27
406 109114141 27
411 25228061 27
412 92336925 27
409 58782493 27
410 125891357 27
495 4256541 27
496 71365405 27
493 37810973 27
494 104919837 27
499 21033757 27
500 88142621 27
497 54588189 27
482 121697053 27
487 12645149 27
488 79754013 27
485 46199581 27
486 113308445 27
491 29422365 27
492 96531229 27
489 62976797 27
490 130085661 27
447 2159389 27
448 69268253 27
445 35713821 27
446 102822685 27
387 18936605 27
388 86045469 27
449 52491037 27
402 119599901 27
439 10547997 27
440 77656861 27
437 44102429 27
438 111211293 27
443 27325213 27
444 94434077 27
441 60879645 27
442 127988509 27
399 6353693 27
400 73462557 27
397 39908125 27
398 107016989 27
403 23130909 27
404 90239773 27
401 56685341 27
450 123794205 27
391 14742301 27
392 81851165 27
389 48296733 27
390 115405597 27
395 31519517 27
396 98628381 27
393 65073949 27
394 132182813 27
479 1110813 27
480 68219677 27
477 34665245 27
478 101774109 27
292 17888029 27
293 84996893 27
481 51442461 27
307 118551325 27
471 9499421 27
472 76608285 27
469 43053853 27
470 110162717 27
475 26276637 27
476 93385501 27
473 59831069 27
474 126939933 27
304 5305117 27
305 72413981 27
302 38859549 27
303 105968413 27
308 22082333 27
309 89191197 27
306 55636765 27
291 122745629 27
296 13693725 27
297 80802589 27
294 47248157 27
295 114357021 27
300 30470941 27
301 97579805 27
298 64025373 27
299 131134237 27
511 3207965 27
512 70316829 27
509 36762397 27
510 103871261 27
451 19985181 27
452 87094045 27
513 53539613 27
466 120648477 27
503 11596573 27
504 78705437 27
501 45151005 27
502 112259869 27
507 28373789 27
508 95482653 27
505 61928221 27
506 129037085 27
463 7402269 27
464 74511133 27
461 40956701 27
462 108065565 27
467 24179485 27
468 91288349 27
465 57733917 27
386 124842781 27
455 15790877 27
456 82899741 27
453 49345309 27
454 116454173 27
459 32568093 27
460 99676957 27
457 66122525 27
458 133231389 27
29 586525 27
30 67695389 27
27 34140957 27
28 101249821 27
97 17363741 27
98 84472605 27
31 50918173 27
112 118027037 27
21 8975133 27
22 76083997 27
19 42529565 27
20 109638429 27
25 25752349 27
26 92861213 27
23 59306781 27
24 126415645 27
109 4780829 27
110 71889693 27
107 38335261 27
108 105444125 27
113 21558045 27
114 88666909 27
111 55112477 27
96 122221341 27
101 13169437 27
102 80278301 27
99 46723869 27
100 113832733 27
105 29946653 27
106 97055517 27
103 63501085 27
104 130609949 27
61 2683677 27
62 69792541 27
59 36238109 27
60 103346973 27
1 19460893 27
2 86569757 27
63 53015325 27
16 120124189 27
53 11072285 27
54 78181149 27
51 44626717 27
52 111735581 27
57 27849501 27
58 94958365 27
55 61403933 27
56 128512797 27
13 6877981 27
14 73986845 27
11 40432413 27
12 107541277 27
17 23655197 27
18 90764061 27
15 57209629 27
64 124318493 27
5 15266589 27
6 82375453 27
3 48821021 27
4 115929885 27
9 32043805 27
10 99152669 27
7 65598237 27
8 132707101 27
93 1635101 27
94 68743965 27
91 35189533 27
92 102298397 27
419 18412317 27
420 85521181 27
95 51966749 27
434 119075613 27
85 10023709 27
86 77132573 27
83 43578141 27
84 110687005 27
89 26800925 27
90 93909789 27
87 60355357 27
88 127464221 27
431 5829405 27
432 72938269 27
429 39383837 27
430 106492701 27
435 22606621 27
436 89715485 27
433 56161053 27
418 123269917 27
423 14218013 27
424 81326877 27
421 47772445 27
422 114881309 27
427 30995229 27
428 98104093 27
425 64549661 27
426 131658525 27
126 3732253 27
127 70841117 27
124 37286685 27
125 104395549 27
65 20509469 27
66 87618333 27
128 54063901 27
80 121172765 27
117 12120861 27
118 79229725 27
115 45675293 27
116 112784157 27
122 28898077 27
123 96006941 27
119 62452509 27
120 129561373 27
77 7926557 27
78 75035421 27
75 41480989 27
76 108589853 27
81 24703773 27
82 91812637 27
79 58258205 27
259 125367069 27
69 16315165 27
70 83424029 27
67 49869597 27
68 116978461 27
73 33092381 27
74 100201245 27
71 66646813 27
72 133755677 27
1696 324381 27
1697 67433245 27
1694 33878813 27
1695 100987677 27
1764 17101597 27
1765 84210461 27
1778 50656029 27
1763 117764893 27
1688 8712989 27
1689 75821853 27
1686 42267421 27
1687 109376285 27
1692 25490205 27
1693 92599069 27
1690 59044637 27
1691 126153501 27
1776 4518685 27
1777 71627549 27
1774 38073117 27
1775 105181981 27
1780 21295901 27
1781 88404765 27
1762 54850333 27
1779 121959197 27
1768 12907293 27
1769 80016157 27
1766 46461725 27
1767 113570589 27
1772 29684509 27
1773 96793373 27
1770 63238941 27
1771 130347805 27
1728 2421533 27
1729 69530397 27
1726 35975965 27
1727 103084829 27
1668 19198749 27
1669 86307613 27
1682 52753181 27
1667 119862045 27
1720 10810141 27
1721 77919005 27
1718 44364573 27
1719 111473437 27
1724 27587357 27
1725 94696221 27
1722 61141789 27
1723 128250653 27
1680 6615837 27
1681 73724701 27
1678 40170269 27
1679 107279133 27
1684 23393053 27
1685 90501917 27
1730 56947485 27
1683 124056349 27
1672 15004445 27
1673 82113309 27
1670 48558877 27
1671 115667741 27
1676 31781661 27
1677 98890525 27
1674 65336093 27
1675 132444957 27
1760 1372957 27
1761 68481821 27
1758 34927389 27
1759 102036253 27
1572 18150173 27
1573 85259037 27
1586 51704605 27
1571 118813469 27
1752 9761565 27
1753 76870429 27
1750 43315997 27
1751 110424861 27
1756 26538781 27
1757 93647645 27
1754 60093213 27
1755 127202077 27
1584 5567261 27
1585 72676125 27
1582 39121693 27
1583 106230557 27
1588 22344477 27
1589 89453341 27
1570 55898909 27
1587 123007773 27
1576 13955869 27
1577 81064733 27
1574 47510301 27
1575 114619165 27
1580 30733085 27
1581 97841949 27
1578 64287517 27
1579 131396381 27
1792 3470109 27
1793 70578973 27
1790 37024541 27
1791 104133405 27
1732 20247325 27
1733 87356189 27
1746 53801757 27
1731 120910621 27
1784 11858717 27
1785 78967581 27
1782 45413149 27
1783 112522013 27
1788 28635933 27
1789 95744797 27
1786 62190365 27
1787 129299229 27
1744 7664413 27
1745 74773277 27
1742 41218845 27
1743 108327709 27
1748 24441629 27
1749 91550493 27
1666 57996061 27
1747 125104925 27
1736 16053021 27
1737 83161885 27
1734 49607453 27
1735 116716317 27
1740 32830237 27
1741 99939101 27
1738 66384669 27
1739 133493533 27
288 848669 27
289 67957533 27
286 34403101 27
287 101511965 27
355 17625885 27
356 84734749 27
290 51180317 27
370 118289181 27
280 9237277 27
281 76346141 27
278 42791709 27
279 109900573 27
284 26014493 27
285 93123357 27
282 59568925 27
283 126677789 27
367 5042973 27
368 72151837 27
365 38597405 27
366 105706269 27
371 21820189 27
372 88929053 27
369 55374621 27
354 122483485 27
359 13431581 27
360 80540445 27
357 46986013 27
358 114094877 27
363 30208797 27
364 97317661 27
361 63763229 27
362 130872093 27
320 2945821 27
321 70054685 27
318 36500253 27
319 103609117 27
260 19723037 27
261 86831901 27
322 53277469 27
275 120386333 27
312 11334429 27
313 78443293 27
310 44888861 27
311 111997725 27
316 28111645 27
317 95220509 27
314 61666077 27
315 128774941 27
272 7140125 27
273 74248989 27
270 40694557 27
271 107803421 27
276 23917341 27
277 91026205 27
274 57471773 27
323 124580637 27
264 15528733 27
265 82637597 27
262 49083165 27
263 116192029 27
268 32305949 27
269 99414813 27
266 65860381 27
267 132969245 27
352 1897245 27
353 69006109 27
350 35451677 27
351 102560541 27
1700 18674461 27
1701 85783325 27
1714 52228893 27
1699 119337757 27
344 10285853 27
345 77394717 27
342 43840285 27
343 110949149 27
348 27063069 27
349 94171933 27
346 60617501 27
347 127726365 27
1712 6091549 27
1713 73200413 27
1710 39645981 27
1711 106754845 27
1716 22868765 27
1717 89977629 27
1698 56423197 27
1715 123532061 27
1704 14480157 27
1705 81589021 27
1702 48034589 27
1703 115143453 27
1708 31257373 27
1709 98366237 27
1706 64811805 27
1707 131920669 27
383 3994397 27
384 71103261 27
381 37548829 27
382 104657693 27
324 20771613 27
325 87880477 27
385 54326045 27
339 121434909 27
375 12383005 27
376 79491869 27
373 45937437 27
374 113046301 27
379 29160221 27
380 96269085 27
377 62714653 27
378 129823517 27
336 8188701 27
337 75297565 27
334 41743133 27
335 108851997 27
340 24965917 27
341 92074781 27
338 58520349 27
1027 125629213 27
328 16577309 27
329 83686173 27
326 50131741 27
327 117240605 27
332 33354525 27
333 100463389 27
330 66908957 27
331 134017821 27
927 193309 27
928 67302173 27
925 33747741 27
926 100856605 27
996 16970525 27
997 84079389 27
929 50524957 27
1011 117633821 27
919 8581917 27
920 75690781 27
917 42136349 27
918 109245213 27
923 25359133 27
924 92467997 27
921 58913565 27
922 126022429 27
1008 4387613 27
1009 71496477 27
1006 37942045 27
1007 105050909 27
1012 21164829 27
1013 88273693 27
1010 54719261 27
995 121828125 27
1000 12776221 27
1001 79885085 27
998 46330653 27
999 113439517 27
1004 29553437 27
1005 96662301 27
1002 63107869 27
1003 130216733 27
959 2290461 27
960 69399325 27
957 35844893 27
958 102953757 27
899 19067677 27
900 86176541 27
961 52622109 27
914 119730973 27
951 10679069 27
952 77787933 27
949 44233501 27
950 111342365 27
955 27456285 27
956 94565149 27
953 61010717 27
954 128119581 27
911 6484765 27
912 73593629 27
909 40039197 27
910 107148061 27
915 23261981 27
916 90370845 27
913 56816413 27
962 123925277 27
903 14873373 27
904 81982237 27
901 48427805 27
902 115536669 27
907 31650589 27
908 98759453 27
905 65205021 27
906 132313885 27
992 1241885 27
993 68350749 27
989 34796317 27
991 101905181 27
803 18019101 27
804 85127965 27
994 51573533 27
818 118682397 27
983 9630493 27
984 76739357 27
981 43184925 27
982 110293789 27
987 26407709 27
988 93516573 27
985 59962141 27
986 127071005 27
815 5436189 27
816 72545053 27
813 38990621 27
814 106099485 27
819 22213405 27
820 89322269 27
817 55767837 27
802 122876701 27
807 13824797 27
808 80933661 27
805 47379229 27
806 114488093 27
811 30602013 27
812 97710877 27
809 64156445 27
810 131265309 27
1024 3339037 27
1025 70447901 27
1022 36893469 27
1023 104002333 27
963 20116253 27
964 87225117 27
1026 53670685 27
978 120779549 27
1016 11727645 27
1017 78836509 27
1014 45282077 27
1015 112390941 27
1020 28504861 27
1021 95613725 27
1018 62059293 27
1019 129168157 27
975 7533341 27
976 74642205 27
973 41087773 27
974 108196637 27
979 24310557 27
980 91419421 27
977 57864989 27
898 124973853 27
967 15921949 27
968 83030813 27
965 49476381 27
966 116585245 27
971 32699165 27
972 99808029 27
969 66253597 27
970 133362461 27
543 717597 27
544 67826461 27
541 34272029 27
542 101380893 27
611 17494813 27
612 84603677 27
545 51049245 27
626 118158109 27
535 9106205 27
536 76215069 27
533 42660637 27
534 109769501 27
539 25883421 27
540 92992285 27
537 59437853 27
538 126546717 27
623 4911901 27
624 72020765 27
621 38466333 27
622 105575197 27
627 21689117 27
628 88797981 27
625 55243549 27
610 122352413 27
615 13300509 27
616 80409373 27
613 46854941 27
614 113963805 27
619 30077725 27
620 97186589 27
617 63632157 27
618 130741021 27
575 2814749 27
576 69923613 27
573 36369181 27
574 103478045 27
515 19591965 27
516 86700829 27
577 53146397 27
530 120255261 27
567 11203357 27
568 78312221 27
565 44757789 27
566 111866653 27
571 27980573 27
572 95089437 27
569 61535005 27
570 128643869 27
527 7009053 27
528 74117917 27
525 40563485 27
526 107672349 27
531 23786269 27
532 90895133 27
529 57340701 27
578 124449565 27
519 15397661 27
520 82506525 27
517 48952093 27
518 116060957 27
523 32174877 27
524 99283741 27
521 65729309 27
522 132838173 27
607 1766173 27
608 68875037 27
605 35320605 27
606 102429469 27
931 18543389 27
932 85652253 27
609 52097821 27
946 119206685 27
599 10154781 27
600 77263645 27
597 43709213 27
598 110818077 27
603 26931997 27
604 94040861 27
601 60486429 27
602 127595293 27
943 5960477 27
944 73069341 27
941 39514909 27
942 106623773 27
947 22737693 27
948 89846557 27
945 56292125 27
930 123400989 27
935 14349085 27
936 81457949 27
933 47903517 27
934 115012381 27
939 31126301 27
940 98235165 27
937 64680733 27
938 131789597 27
639 3863325 27
640 70972189 27
637 37417757 27
638 104526621 27
579 20640541 27
580 87749405 27
641 54194973 27
594 121303837 27
631 12251933 27
632 79360797 27
629 45806365 27
630 112915229 27
635 29029149 27
636 96138013 27
633 62583581 27
634 129692445 27
591 8057629 27
592 75166493 27
589 41612061 27
590 108720925 27
595 24834845 27
596 91943709 27
593 58389277 27
770 125498141 27
583 16446237 27
584 83555101 27
581 50000669 27
582 117109533 27
587 33223453 27
588 100332317 27
585 66777885 27
586 133886749 27
158 455453 27
159 67564317 27
156 34009885 27
157 101118749 27
227 17232669 27
228 84341533 27
160 50787101 27
242 117895965 27
150 8844061 27
151 75952925 27
148 42398493 27
149 109507357 27
154 25621277 27
155 92730141 27
152 59175709 27
153 126284573 27
239 4649757 27
240 71758621 27
237 38204189 27
238 105313053 27
243 21426973 27
244 88535837 27
241 54981405 27
226 122090269 27
231 13038365 27
232 80147229 27
229 46592797 27
230 113701661 27
235 29815581 27
236 96924445 27
233 63370013 27
234 130478877 27
191 2552605 27
192 69661469 27
189 36107037 27
190 103215901 27
130 19329821 27
131 86438685 27
193 52884253 27
145 119993117 27
183 10941213 27
184 78050077 27
181 44495645 27
182 111604509 27
187 27718429 27
188 94827293 27
185 61272861 27
186 128381725 27
142 6746909 27
143 73855773 27
140 40301341 27
141 107410205 27
146 23524125 27
147 90632989 27
144 57078557 27
194 124187421 27
134 15135517 27
135 82244381 27
132 48689949 27
133 115798813 27
138 31912733 27
139 99021597 27
136 65467165 27
137 132576029 27
223 1504029 27
224 68612893 27
221 35058461 27
222 102167325 27
33 18281245 27
34 85390109 27
225 51835677 27
48 118944541 27
215 9892637 27
216 77001501 27
213 43447069 27
214 110555933 27
219 26669853 27
220 93778717 27
217 60224285 27
218 127333149 27
45 5698333 27
46 72807197 27
43 39252765 27
44 106361629 27
49 22475549 27
50 89584413 27
47 56029981 27
32 123138845 27
37 14086941 27
38 81195805 27
35 47641373 27
36 114750237 27
41 30864157 27
42 97973021 27
39 64418589 27
40 131527453 27
256 3601181 27
257 70710045 27
253 37155613 27
254 104264477 27
195 20378397 27
196 87487261 27
258 53932829 27
210 121041693 27
247 11989789 27
248 79098653 27
245 45544221 27
246 112653085 27
251 28767005 27
252 95875869 27
249 62321437 27
250 129430301 27
207 7795485 27
208 74904349 27
205 41349917 27
206 108458781 27
211 24572701 27
212 91681565 27
209 58127133 27
129 125235997 27
199 16184093 27
200 83292957 27
197 49738525 27
198 116847389 27
203 32961309 27
204 100070173 27
201 66515741 27
202 133624605 27
799 979741 27
800 68088605 27
797 34534173 27
798 101643037 27
867 17756957 27
868 84865821 27
801 51311389 27
882 118420253 27
791 9368349 27
792 76477213 27
789 42922781 27
790 110031645 27
795 26145565 27
796 93254429 27
793 59699997 27
794 126808861 27
879 5174045 27
880 72282909 27
877 38728477 27
878 105837341 27
883 21951261 27
884 89060125 27
881 55505693 27
866 122614557 27
871 13562653 27
872 80671517 27
869 47117085 27
870 114225949 27
875 30339869 27
876 97448733 27
873 63894301 27
874 131003165 27
831 3076893 27
832 70185757 27
829 36631325 27
830 103740189 27
771 19854109 27
772 86962973 27
833 53408541 27
786 120517405 27
823 11465501 27
824 78574365 27
821 45019933 27
822 112128797 27
827 28242717 27
828 95351581 27
825 61797149 27
826 128906013 27
783 7271197 27
784 74380061 27
781 40825629 27
782 107934493 27
787 24048413 27
788 91157277 27
785 57602845 27
834 124711709 27
775 15659805 27
776 82768669 27
773 49214237 27
774 116323101 27
779 32437021 27
780 99545885 27
777 65991453 27
778 133100317 27
863 2028317 27
864 69137181 27
861 35582749 27
862 102691613 27
163 18805533 27
164 85914397 27
865 52359965 27
178 119468829 27
855 10416925 27
856 77525789 27
853 43971357 27
854 111080221 27
859 27194141 27
860 94303005 27
857 60748573 27
858 127857437 27
175 6222621 27
176 73331485 27
173 39777053 27
174 106885917 27
179 22999837 27
180 90108701 27
177 56554269 27
161 123663133 27
167 14611229 27
168 81720093 27
165 48165661 27
166 115274525 27
171 31388445 27
172 98497309 27
169 64942877 27
170 132051741 27
895 4125469 27
896 71234333 27
893 37679901 27
894 104788765 27
835 20902685 27
836 88011549 27
897 54457117 27
850 121565981 27
887 12514077 27
888 79622941 27
885 46068509 27
886 113177373 27
891 29291293 27
892 96400157 27
889 62845725 27
890 129954589 27
847 8319773 27
848 75428637 27
845 41874205 27
846 108983069 27
851 25096989 27
852 92205853 27
849 58651421 27
514 125760285 27
839 16708381 27
840 83817245 27
837 50262813 27
838 117371677 27
843 33485597 27
844 100594461 27
841 67040029 27
842 134148893 27
1441 127773 27
1522 67236637 27
1439 33682205 27
1440 100791069 27
1509 16904989 27
1510 84013853 27
1507 50459421 27
1508 117568285 27
1433 8516381 27
1434 75625245 27
1431 42070813 27
1432 109179677 27
1437 25293597 27
1438 92402461 27
1435 58848029 27
1436 125956893 27
1521 4322077 27
1506 71430941 27
1519 37876509 27
1520 104985373 27
1525 21099293 27
1526 88208157 27
1523 54653725 27
1524 121762589 27
1513 12710685 27
1514 79819549 27
1511 46265117 27
1512 113373981 27
1517 29487901 27
1518 96596765 27
1515 63042333 27
1516 130151197 27
1473 2224925 27
1426 69333789 27
1471 35779357 27
1472 102888221 27
1413 19002141 27
1414 86111005 27
1411 52556573 27
1412 119665437 27
1465 10613533 27
1466 77722397 27
1463 44167965 27
1464 111276829 27
1469 27390749 27
1470 94499613 27
1467 60945181 27
1468 128054045 27
1425 6419229 27
1474 73528093 27
1423 39973661 27
1424 107082525 27
1429 23196445 27
1430 90305309 27
1427 56750877 27
1428 123859741 27
1417 14807837 27
1418 81916701 27
1415 48362269 27
1416 115471133 27
1421 31585053 27
1422 98693917 27
1419 65139485 27
1420 132248349 27
1505 1176349 27
1331 68285213 27
1503 34730781 27
1504 101839645 27
1318 17953565 27
1319 85062429 27
1316 51507997 27
1317 118616861 27
1497 9564957 27
1498 76673821 27
1495 43119389 27
1496 110228253 27
1501 26342173 27
1502 93451037 27
1499 59896605 27
1500 127005469 27
1330 5370653 27
1315 72479517 27
1328 38925085 27
1329 106033949 27
1334 22147869 27
1335 89256733 27
1332 55702301 27
1333 122811165 27
1322 13759261 27
1323 80868125 27
1320 47313693 27
1321 114422557 27
1326 30536477 27
1327 97645341 27
1324 64090909 27
1325 131199773 27
1537 3273501 27
1490 70382365 27
1535 36827933 27
1536 103936797 27
1477 20050717 27
1478 87159581 27
1475 53605149 27
1476 120714013 27
1529 11662109 27
1530 78770973 27
1527 45216541 27
1528 112325405 27
1533 28439325 27
1534 95548189 27
1531 61993757 27
1532 129102621 27
1489 7467805 27
1410 74576669 27
1487 41022237 27
1488 108131101 27
1493 24245021 27
1494 91353885 27
1491 57799453 27
1492 124908317 27
1481 15856413 27
1482 82965277 27
1479 49410845 27
1480 116519709 27
1485 32633629 27
1486 99742493 27
1483 66188061 27
1484 133296925 27
1058 652061 27
1139 67760925 27
1056 34206493 27
1057 101315357 27
1126 17429277 27
1127 84538141 27
1124 50983709 27
1125 118092573 27
1050 9040669 27
1051 76149533 27
1048 42595101 27
1049 109703965 27
1054 25817885 27
1055 92926749 27
1052 59372317 27
1053 126481181 27
1138 4846365 27
1123 71955229 27
1136 38400797 27
1137 105509661 27
1142 21623581 27
1143 88732445 27
1140 55178013 27
1141 122286877 27
1130 13234973 27
1131 80343837 27
1128 46789405 27
1129 113898269 27
1134 30012189 27
1135 97121053 27
1132 63566621 27
1133 130675485 27
1090 2749213 27
1043 69858077 27
1088 36303645 27
1089 103412509 27
1030 19526429 27
1031 86635293 27
1028 53080861 27
1029 120189725 27
1082 11137821 27
1083 78246685 27
1080 44692253 27
1081 111801117 27
1086 27915037 27
1087 95023901 27
1084 61469469 27
1085 128578333 27
1042 6943517 27
1091 74052381 27
1040 40497949 27
1041 107606813 27
1046 23720733 27
1047 90829597 27
1044 57275165 27
1045 124384029 27
1034 15332125 27
1035 82440989 27
1032 48886557 27
1033 115995421 27
1038 32109341 27
1039 99218205 27
1036 65663773 27
1037 132772637 27
1122 1700637 27
1458 68809501 27
1120 35255069 27
1121 102363933 27
1445 18477853 27
1446 85586717 27
1443 52032285 27
1444 119141149 27
1114 10089245 27
1115 77198109 27
1112 43643677 27
1113 110752541 27
1118 26866461 27
1119 93975325 27
1116 60420893 27
1117 127529757 27
1457 5894941 27
1442 73003805 27
1455 39449373 27
1456 106558237 27
1461 22672157 27
1462 89781021 27
1459 56226589 27
1460 123335453 27
1449 14283549 27
1450 81392413 27
1447 47837981 27
1448 114946845 27
1453 31060765 27
1454 98169629 27
1451 64615197 27
1452 131724061 27
1154 3797789 27
1107 70906653 27
1152 37352221 27
1153 104461085 27
1094 20575005 27
1095 87683869 27
1092 54129437 27
1093 121238301 27
1146 12186397 27
1147 79295261 27
1144 45740829 27
1145 112849693 27
1150 28963613 27
1151 96072477 27
1148 62518045 27
1149 129626909 27
1106 7992093 27
1283 75100957 27
1104 41546525 27
1105 108655389 27
1110 24769309 27
1111 91878173 27
1108 58323741 27
1109 125432605 27
1098 16380701 27
1099 83489565 27
1096 49935133 27
1097 117043997 27
1102 33157917 27
1103 100266781 27
1100 66712349 27
1101 133821213 27
2787 389917 26
2484 33944349 26
2300 17167133 26
2490 50721565 26
2198 8778525 26
2862 42332957 26
2931 25555741 26
2877 59110173 26
2808 4584221 26
2518 38138653 26
2810 21361437 26
2505 54915869 26
2499 12972829 26
2797 46527261 26
121 29750045 26
2534 63304477 26
2999 2487069 26
990 36041501 26
2843 19264285 26
2988 52818717 26
2309 10875677 26
2770 44430109 26
162 27652893 26
2519 61207325 26
2529 6681373 26
2855 40235805 26
2859 23458589 26
2891 57013021 26
2932 15069981 26
2845 48624413 26
2916 31847197 26
2208 65401629 26
2561 1438493 26
2453 34992925 26
2662 18215709 26
2017 51770141 26
2557 9827101 26
2644 43381533 26
2648 26604317 26
2647 60158749 26
2646 5632797 26
2671 39187229 26
2591 22410013 26
2382 55964445 26
2667 14021405 26
2663 47575837 26
2423 30798621 26
2558 64353053 26
2517 3535645 26
2823 37090077 26
2632 20312861 26
2502 53867293 26
2512 11924253 26
2509 45478685 26
2514 28701469 26
2819 62255901 26
2566 7729949 26
2639 41284381 26
2565 24507165 26
2642 58061597 26
2365 16118557 26
2366 49672989 26
2638 32895773 26
2364 66450205 26
1314 914205 27
1394 68023069 27
1312 34468637 27
1313 101577501 27
1381 17691421 27
1382 84800285 27
1379 51245853 27
1380 118354717 27
1306 9302813 27
1307 76411677 27
1304 42857245 27
1305 109966109 27
1310 26080029 27
1311 93188893 27
1308 59634461 27
1309 126743325 27
1393 5108509 27
1378 72217373 27
1391 38662941 27
1392 105771805 27
1397 21885725 27
1398 88994589 27
1395 55440157 27
1396 122549021 27
1385 13497117 27
1386 80605981 27
1383 47051549 27
1384 114160413 27
1389 30274333 27
1390 97383197 27
1387 63828765 27
1388 130937629 27
1346 3011357 27
1299 70120221 27
1344 36565789 27
1345 103674653 27
1286 19788573 27
1287 86897437 27
1284 53343005 27
1285 120451869 27
1338 11399965 27
1339 78508829 27
1336 44954397 27
1337 112063261 27
1342 28177181 27
1343 95286045 27
1340 61731613 27
1341 128840477 27
1298 7205661 27
1347 74314525 27
1296 40760093 27
1297 107868957 27
1302 23982877 27
1303 91091741 27
1300 57537309 27
1301 124646173 27
1290 15594269 27
1291 82703133 27
1288 49148701 27
1289 116257565 27
1294 32371485 27
1295 99480349 27
1292 65925917 27
1293 133034781 27
2775 1962781 26
1376 35517213 27
1377 102626077 27
2772 18739997 26
2771 52294429 26
1370 10351389 27
1371 77460253 27
1368 43905821 27
1369 111014685 27
1374 27128605 27
1375 94237469 27
1372 60683037 27
1373 127791901 27
2473 6157085 26
2480 39711517 26
2778 22934301 26
2757 56488733 26
2476 14545693 26
2758 48100125 26
2769 31322909 26
2538 64877341 26
1409 4059933 27
1363 71168797 27
1407 37614365 27
1408 104723229 27
1350 20837149 27
1351 87946013 27
1348 54391581 27
1349 121500445 27
1401 12448541 27
1402 79557405 27
1399 46002973 27
1400 113111837 27
1405 29225757 27
1406 96334621 27
1403 62780189 27
1404 129889053 27
1362 8254237 27
2051 75363101 27
1360 41808669 27
1361 108917533 27
1366 25031453 27
1367 92140317 27
1364 58585885 27
1365 125694749 27
1354 16642845 27
1355 83751709 27
1352 50197277 27
1353 117306141 27
1358 33420061 27
1359 100528925 27
1356 66974493 27
1357 134083357 27
1951 258845 27
1952 67367709 27
1949 33813277 27
1950 100922141 27
2021 17036061 27
2022 84144925 27
2035 50590493 27
2020 117699357 27
1943 8647453 27
1944 75756317 27
1941 42201885 27
1942 109310749 27
1947 25424669 27
1948 92533533 27
1945 58979101 27
1946 126087965 27
2033 4453149 27
2034 71562013 27
2031 38007581 27
2032 105116445 27
2037 21230365 27
2038 88339229 27
2019 54784797 27
2036 121893661 27
2025 12841757 27
2026 79950621 27
2023 46396189 27
2024 113505053 27
2029 29618973 27
2030 96727837 27
2027 63173405 27
2028 130282269 27
1983 2355997 27
1984 69464861 27
1981 35910429 27
1982 103019293 27
1923 19133213 27
1924 86242077 27
1937 52687645 27
1922 119796509 27
1975 10744605 27
1976 77853469 27
1973 44299037 27
1974 111407901 27
1979 27521821 27
1980 94630685 27
1977 61076253 27
1978 128185117 27
1935 6550301 27
1936 73659165 27
1933 40104733 27
1934 107213597 27
1939 23327517 27
1940 90436381 27
1985 56881949 27
1938 123990813 27
1927 14938909 27
1928 82047773 27
1925 48493341 27
1926 115602205 27
1931 31716125 27
1932 98824989 27
1929 65270557 27
1930 132379421 27
2016 1307421 27
2018 68416285 27
2014 34861853 27
2015 101970717 27
1828 18084637 27
1829 85193501 27
1842 51639069 27
1827 118747933 27
2008 9696029 27
2009 76804893 27
2006 43250461 27
2007 110359325 27
2012 26473245 27
2013 93582109 27
2010 60027677 27
2011 127136541 27
1840 5501725 27
1841 72610589 27
1838 39056157 27
1839 106165021 27
1844 22278941 27
1845 89387805 27
1826 55833373 27
1843 122942237 27
1832 13890333 27
1833 80999197 27
1830 47444765 27
1831 114553629 27
1836 30667549 27
1837 97776413 27
1834 64221981 27
1835 131330845 27
2049 3404573 27
2050 70513437 27
2047 36959005 27
2048 104067869 27
1987 20181789 27
1988 87290653 27
2002 53736221 27
1986 120845085 27
2041 11793181 27
2042 78902045 27
2039 45347613 27
2040 112456477 27
2045 28570397 27
2046 95679261 27
2043 62124829 27
2044 129233693 27
2000 7598877 27
2001 74707741 27
1997 41153309 27
1999 108262173 27
2004 24376093 27
2005 91484957 27
1921 57930525 27
2003 125039389 27
1991 15987485 27
1992 83096349 27
1989 49541917 27
1990 116650781 27
1995 32764701 27
1996 99873565 27
1993 66319133 27
1994 133427997 27
1568 783133 27
1569 67891997 27
1566 34337565 27
1567 101446429 27
1636 17560349 27
1637 84669213 27
1650 51114781 27
1635 118223645 27
1560 9171741 27
1561 76280605 27
1558 42726173 27
1559 109835037 27
1564 25948957 27
1565 93057821 27
1562 59503389 27
1563 126612253 27
1648 4977437 27
1649 72086301 27
1646 38531869 27
1647 105640733 27
1652 21754653 27
1653 88863517 27
1634 55309085 27
1651 122417949 27
1640 13366045 27
1641 80474909 27
1638 46920477 27
1639 114029341 27
1644 30143261 27
1645 97252125 27
1642 63697693 27
1643 130806557 27
1600 2880285 27
1601 69989149 27
1598 36434717 27
1599 103543581 27
1540 19657501 27
1541 86766365 27
1554 53211933 27
1539 120320797 27
1592 11268893 27
1593 78377757 27
1590 44823325 27
1591 111932189 27
1596 28046109 27
1597 95154973 27
1594 61600541 27
1595 128709405 27
1552 7074589 27
1553 74183453 27
1550 40629021 27
1551 107737885 27
1556 23851805 27
1557 90960669 27
1602 57406237 27
1555 124515101 27
1544 15463197 27
1545 82572061 27
1542 49017629 27
1543 116126493 27
1548 32240413 27
1549 99349277 27
1546 65794845 27
1547 132903709 27
1632 1831709 27
1633 68940573 27
1630 35386141 27
1631 102495005 27
1955 18608925 27
1956 85717789 27
1969 52163357 27
1954 119272221 27
1624 10220317 27
1625 77329181 27
1622 43774749 27
1623 110883613 27
1628 26997533 27
1629 94106397 27
1626 60551965 27
1627 127660829 27
1967 6026013 27
1968 73134877 27
1965 39580445 27
1966 106689309 27
1971 22803229 27
1972 89912093 27
1953 56357661 27
1970 123466525 27
1959 14414621 27
1960 81523485 27
1957 47969053 27
1958 115077917 27
1963 31191837 27
1964 98300701 27
1961 64746269 27
1962 131855133 27
1664 3928861 27
1665 71037725 27
1662 37483293 27
1663 104592157 27
1604 20706077 27
1605 87814941 27
1618 54260509 27
1603 121369373 27
1656 12317469 27
1657 79426333 27
1654 45871901 27
1655 112980765 27
1660 29094685 27
1661 96203549 27
1658 62649117 27
1659 129757981 27
1616 8123165 27
1617 75232029 27
1614 41677597 27
1615 108786461 27
1620 24900381 27
1621 92009245 27
1794 58454813 27
1619 125563677 27
1608 16511773 27
1609 83620637 27
1606 50066205 27
1607 117175069 27
1612 33288989 27
1613 100397853 27
1610 66843421 27
1611 133952285 27
1186 520989 27
1267 67629853 27
1184 34075421 27
1185 101184285 27
1254 17298205 27
1255 84407069 27
1252 50852637 27
1253 117961501 27
1178 8909597 27
1179 76018461 27
1176 42464029 27
1177 109572893 27
1182 25686813 27
1183 92795677 27
1180 59241245 27
1181 126350109 27
1266 4715293 27
1251 71824157 27
1264 38269725 27
1265 105378589 27
1270 21492509 27
1271 88601373 27
1268 55046941 27
1269 122155805 27
1258 13103901 27
1259 80212765 27
1256 46658333 27
1257 113767197 27
1262 29881117 27
1263 96989981 27
1260 63435549 27
1261 130544413 27
1218 2618141 27
1171 69727005 27
1216 36172573 27
1217 103281437 27
1158 19395357 27
1159 86504221 27
1156 52949789 27
1157 120058653 27
1210 11006749 27
1211 78115613 27
1208 44561181 27
1209 111670045 27
1214 27783965 27
1215 94892829 27
1212 61338397 27
1213 128447261 27
1170 6812445 27
1219 73921309 27
1168 40366877 27
1169 107475741 27
1174 23589661 27
1175 90698525 27
1172 57144093 27
1173 124252957 27
1162 15201053 27
1163 82309917 27
1160 48755485 27
1161 115864349 27
1166 31978269 27
1167 99087133 27
1164 65532701 27
1165 132641565 27
1250 1569565 27
1075 68678429 27
1248 35123997 27
1249 102232861 27
1062 18346781 27
1063 85455645 27
1060 51901213 27
1061 119010077 27
1242 9958173 27
1243 77067037 27
1240 43512605 27
1241 110621469 27
1246 26735389 27
1247 93844253 27
1244 60289821 27
1245 127398685 27
1074 5763869 27
1059 72872733 27
1072 39318301 27
1073 106427165 27
1078 22541085 27
1079 89649949 27
1076 56095517 27
1077 123204381 27
1066 14152477 27
1067 81261341 27
1064 47706909 27
1065 114815773 27
1070 30929693 27
1071 98038557 27
1068 64484125 27
1069 131592989 27
1282 3666717 27
1235 70775581 27
1280 37221149 27
1281 104330013 27
1222 20443933 27
1223 87552797 27
1220 53998365 27
1221 121107229 27
1274 12055325 27
1275 79164189 27
1272 45609757 27
1273 112718621 27
1278 28832541 27
1279 95941405 27
1276 62386973 27
1277 129495837 27
1234 7861021 27
1155 74969885 27
1232 41415453 27
1233 108524317 27
1238 24638237 27
1239 91747101 27
1236 58192669 27
1237 125301533 27
1226 16249629 27
1227 83358493 27
1224 49804061 27
1225 116912925 27
1230 33026845 27
1231 100135709 27
1228 66581277 27
1229 133690141 27
1824 1045277 27
1825 68154141 27
1822 34599709 27
1823 101708573 27
1891 17822493 27
1892 84931357 27
1905 51376925 27
1890 118485789 27
1816 9433885 27
1817 76542749 27
1814 42988317 27
1815 110097181 27
1820 26211101 27
1821 93319965 27
1818 59765533 27
1819 126874397 27
1903 5239581 27
1904 72348445 27
1901 38794013 27
1902 105902877 27
1907 22016797 27
1908 89125661 27
1889 55571229 27
1906 122680093 27
1895 13628189 27
1896 80737053 27
1893 47182621 27
1894 114291485 27
1899 30405405 27
1900 97514269 27
1897 63959837 27
1898 131068701 27
1856 3142429 27
1857 70251293 27
1854 36696861 27
1855 103805725 27
1796 19919645 27
1797 87028509 27
1810 53474077 27
1795 120582941 27
1848 11531037 27
1849 78639901 27
1846 45085469 27
1847 112194333 27
1852 28308253 27
1853 95417117 27
1850 61862685 27
1851 128971549 27
1808 7336733 27
1809 74445597 27
1806 40891165 27
1807 108000029 27
1812 24113949 27
1813 91222813 27
1858 57668381 27
1811 124777245 27
1800 15725341 27
1801 82834205 27
1798 49279773 27
1799 116388637 27
1804 32502557 27
1805 99611421 27
1802 66056989 27
1803 133165853 27
1888 2093853 27
1203 69202717 27
1886 35648285 27
1887 102757149 27
1190 18871069 27
1191 85979933 27
1188 52425501 27
1189 119534365 27
1880 10482461 27
1881 77591325 27
1878 44036893 27
1879 111145757 27
1884 27259677 27
1885 94368541 27
1882 60814109 27
1883 127922973 27
1202 6288157 27
1187 73397021 27
1200 39842589 27
1201 106951453 27
1206 23065373 27
1207 90174237 27
1204 56619805 27
1205 123728669 27
1194 14676765 27
1195 81785629 27
1192 48231197 27
1193 115340061 27
1198 31453981 27
1199 98562845 27
1196 65008413 27
1197 132117277 27
1919 4191005 27
1920 71299869 27
1917 37745437 27
1918 104854301 27
1860 20968221 27
1861 88077085 27
1874 54522653 27
1859 121631517 27
1911 12579613 27
1912 79688477 27
1909 46134045 27
1910 113242909 27
1915 29356829 27
1916 96465693 27
1913 62911261 27
1914 130020125 27
1872 8385309 27
1873 75494173 27
1870 41939741 27
1871 109048605 27
1876 25162525 27
1877 92271389 27
1538 58716957 27
1875 125825821 27
1864 16773917 27
1865 83882781 27
1862 50328349 27
1863 117437213 27
1868 33551133 27
1869 100659997 27
1866 67105565 27
1867 134214429 27
3914 2845 13
3902 6941 14
3900 15133 14
3918 1821 13
3915 5917 13
3875 3869 16
3143 36637 23
3393 4230941 23
3409 2133789 23
3421 6328093 23
3184 1085213 23
3186 5279517 23
3386 3182365 23
3379 7376669 23
3270 560925 23
3260 4755229 23
3272 2658077 23
3225 6852381 23
3233 1609501 23
3345 5803805 23
3256 3706653 23
3450 7900957 23
3506 298781 23
3507 4493085 23
3452 2395933 23
3512 6590237 23
2654 1347357 25
2964 18124573 25
2922 9735965 25
2956 26513181 25
2972 5541661 25
2649 22318877 25
2967 13930269 25
2645 30707485 25
2934 3444509 25
2630 20221725 25
2948 11833117 25
2963 28610333 25
2950 7638813 25
2634 24416029 25
2570 16027421 25
2621 32804637 25
3082 823069 23
3591 5017373 23
3428 2920221 23
3347 7114525 23
3042 1871645 23
3297 6065949 23
3311 3968797 23
3308 8163101 23
3712 167709 21
3235 1216285 23
3162 5410589 23
3469 3313437 23
3504 7507741 23
3608 691997 22
3532 2789149 22
3709 1740573 21
3768 429853 20
3693 954141 21
3695 2002717 21
3797 102173 19
3516 364317 22
3614 2461469 22
3610 1412893 22
3612 3510045 22
3746 888605 20
3831 233245 18
3555 20253 22
3605 2117405 22
3677 1068829 21
3758 544541 20
3662 282397 21
2894 1330973 24
2869 9719581 24
3170 5525277 23
3565 3428125 22
3690 806685 21
3692 1855261 21
3839 151325 18
3855 85789 17
3872 53021 16
3903 12061 14
3793 7965 19
3425 270109 23
3398 4464413 23
3206 2367261 23
3290 6561565 23
3367 1318685 23
3355 5512989 23
3397 3415837 23
3374 7610141 23
3701 794397 21
3232 1842973 23
3200 6037277 23
3172 3940125 23
3173 8134429 23
3439 139037 23
3156 4333341 23
3435 2236189 23
3274 6430493 23
3448 1187613 23
3133 5381917 23
3268 3284765 23
3252 7479069 23
3312 663325 23
3304 4857629 23
3348 2760477 23
3331 6954781 23
3280 1711901 23
3275 5906205 23
3236 3809053 23
3288 8003357 23
3459 401181 23
2913 4595485 25
2914 21372701 25
3060 12984093 24
3467 2498333 23
3110 6692637 23
3621 1449757 22
3533 3546909 22
3500 925469 23
3519 5119773 23
3004 3022621 23
3494 7216925 23
3010 1974045 23
3144 6168349 23
2917 4071197 23
3480 8265501 23
3854 73501 17
3850 40733 17
3745 106269 20
3635 630557 22
3630 2727709 22
3581 1679133 22
3620 3776285 22
3763 368413 20
3574 892701 22
3619 2989853 22
3669 1941277 21
3825 237341 18
3869 24349 16
3849 57117 17
3733 122653 20
3765 646941 20
3792 384797 19
3796 253725 19
3788 515869 19
3888 16157 15
3799 32541 19
3807 294685 19
3756 163613 20
3636 687901 22
3564 2785053 22
3550 1736477 22
3579 3833629 22
3794 425757 19
3824 98077 18
3727 229149 21
3631 1277725 22
3505 3374877 22
3759 753437 20
3803 491293 19
3868 65309 16
3932 157 12
3912 2205 13
3898 6301 14
3899 14493 14
3909 1181 13
3910 5277 13
3911 3229 13
3826 7325 18
3691 138397 21
3653 1186973 21
3754 662685 20
3509 400541 22
3481 2497693 22
3661 1449117 21
3722 924829 20
2984 72861 24
2852 8461469 24
2812 4267165 24
2901 12655773 24
2978 2170013 24
2906 10558621 24
2981 6364317 24
2980 14752925 24
3101 1121437 24
3048 9510045 24
3087 5315741 24
2791 13704349 24
2807 3218589 24
2809 11607197 24
2935 7412893 24
2992 15801501 24
3167 597149 24
3180 8985757 24
3050 4791453 24
3054 13180061 24
3183 2694301 24
3146 11082909 24
2925 6888605 24
3332 15277213 24
3055 1645725 24
3031 10034333 24
2909 5840029 24
3024 14228637 24
2991 3742877 24
3049 12131485 24
3034 7937181 24
2969 16325789 24
3489 335005 22
3482 2432157 22
3643 1383581 22
3501 3480733 22
3570 859293 22
2998 2956445 24
2774 11345053 24
3066 7150749 24
3067 15539357 24
3544 1907869 22
3576 4005021 22
3283 203933 23
3234 4398237 23
3153 2301085 23
3130 6495389 23
3230 1252509 23
3376 5446813 23
3245 3349661 23
3476 7543965 23
3202 728221 23
3399 4922525 23
3046 2825373 23
3413 7019677 23
3322 1776797 23
3168 5971101 23
3176 3873949 23
3408 8068253 23
3396 466077 23
3531 4660381 23
3436 2563229 23
3264 6757533 23
3227 1514653 24
2926 9903261 24
3343 5708957 24
3423 14097565 24
3551 3611805 23
3427 7806109 23
3228 990365 23
2993 5184669 23
3253 3087517 23
3341 7281821 23
3226 2038941 23
3499 6233245 23
3192 4136093 23
3259 8330397 23
3846 40093 17
3041 105629 23
3137 4299933 23
3187 2202781 23
3294 6397085 23
3298 1154205 23
3301 5348509 23
3084 3251357 23
3174 7445661 23
3775 629917 20
3789 367773 19
3684 236701 21
3360 1285277 23
3422 5479581 23
3545 3382429 22
3744 760989 20
3786 498845 19
3870 23709 16
3851 56477 17
3666 122013 21
3694 1170589 21
3672 646301 21
3710 1694877 21
3568 384157 22
3548 2481309 22
3606 1432733 22
3185 3529885 22
3682 908445 21
3401 1957021 22
2881 4054173 24
2987 12442781 24
3164 8248477 23
3818 253085 18
3897 15517 14
3887 669 15
3561 17053 22
3493 2114205 22
3518 1065629 22
3305 3162781 22
3611 541341 22
3474 2638493 22
3624 1589917 22
3616 3687069 22
3742 279197 20
3688 803485 21
3674 1852061 21
3827 148125 18
3782 82589 19
3751 344733 20
3752 869021 20
3785 213661 19
3351 475805 23
3354 4670109 23
3198 2572957 23
3086 6767261 23
3359 1524381 23
3193 5718685 23
3090 3621533 23
3357 7815837 23
3629 1000093 21
3707 2048669 21
3845 49821 17
3286 115357 23
3213 4309661 23
2929 2212509 23
3032 6406813 23
3207 1163933 23
3316 5358237 23
3075 3261085 23
3309 7455389 23
3209 639645 23
2949 4833949 23
3190 2736797 23
3237 6931101 23
3160 1688221 23
3224 5882525 23
2946 3785373 23
3254 7979677 23
3426 377501 23
3402 4571805 23
3116 2474653 23
3475 6668957 23
3444 1426077 23
3178 5620381 23
3410 3523229 23
3483 7717533 23
3319 901789 23
3065 5096093 23
3205 2998941 23
3318 7193245 23
3150 1950365 23
3407 6144669 23
3333 4047517 23
3615 8241821 23
3823 246429 18
3866 8861 16
3865 41629 16
3470 25245 22
3534 2122397 22
3572 1073821 22
3573 3170973 22
3537 549533 22
3443 2646685 23
2698 6840989 26
2550 40395421 26
2586 23618205 25
2953 15229597 24
3549 1598109 22
3514 3695261 22
3547 287389 22
3603 2384541 22
3703 1335965 21
3741 811677 20
3821 156317 18
3848 90781 17
3841 58013 17
3844 123549 17
3908 4765 13
3929 2717 12
3930 1693 12
3886 3741 15
3884 20125 15
3948 11933 14
3795 7837 19
3787 269981 19
3755 138909 20
3734 663197 20
3686 401053 21
3668 1449629 21
3657 925341 21
3665 1973917 21
3820 73373 18
3817 204445 18
3847 40605 17
3580 106141 22
3349 2203293 22
3563 1154717 22
3461 3251869 22
3640 630429 21
3405 1679005 22
3552 3776157 22
3777 368285 19
3819 237213 18
3490 24221 22
3340 2121373 22
3699 1072797 21
3729 548509 20
3738 286365 20
3658 810653 21
3711 1859229 21
3680 155293 21
3656 1203869 21
3728 679581 20
3276 417437 22
3526 2514589 22
3660 1466013 21
3724 941725 20
3843 89757 17
2733 56989 25
2737 16834205 25
2724 8445597 25
2727 25222813 25
2760 4251293 25
2764 21028509 25
2749 12639901 25
2750 29417117 25
2601 2154141 25
2608 18931357 25
2617 10542749 25
2864 27319965 25
2790 6348445 25
2721 23125661 25
2589 14737053 25
2590 31514269 25
2800 1105565 25
2804 17882781 25
2796 9494173 25
2798 26271389 25
2813 5299869 25
2820 22077085 25
2805 13688477 25
2811 30465693 25
2779 3202717 25
2786 19979933 25
2766 11591325 25
2768 28368541 25
2792 7397021 25
2793 24174237 25
2789 15785629 25
2713 32562845 25
3216 581277 23
3181 4775581 23
3257 2678429 23
3242 6872733 23
3092 1629853 23
2618 5824157 25
2588 22601373 25
2614 14212765 25
2578 30989981 25
3197 3727005 23
3279 7921309 23
2976 319133 25
2971 17096349 25
2525 8707741 25
2513 25484957 25
2943 4513437 25
2523 21290653 25
2968 12902045 25
2506 29679261 25
3950 2416285 25
2870 19193501 25
2482 10804893 25
2436 27582109 25
3007 6610589 25
3006 23387805 25
2454 14999197 25
3015 31776413 25
2895 1367709 25
2390 18144925 25
2421 9756317 25
2474 26533533 25
2938 5562013 24
2850 13950621 24
2872 3464861 25
2882 20242077 25
2890 11853469 25
2871 28630685 25
2528 7659165 25
2315 24436381 25
2498 16047773 25
2471 32824989 25
2641 843421 25
2847 17620637 25
2635 9232029 25
2637 26009245 25
2655 5037725 25
2656 21814941 25
2846 13426333 25
2844 30203549 25
2829 2940573 25
2664 19717789 25
2822 11329181 25
2827 28106397 25
2629 7134877 25
2568 23912093 25
2628 15523485 25
2851 32300701 25
2697 1891997 25
2704 18669213 25
2691 10280605 25
2693 27057821 25
2709 6086301 25
2710 22863517 25
2706 14474909 25
2707 31252125 25
2627 3989149 25
2668 20766365 25
2658 12377757 25
2660 29154973 25
2556 8183453 25
2689 24960669 25
2673 16572061 25
2840 33349277 25
3129 188061 23
3039 4382365 23
3169 2285213 23
3069 6479517 23
3210 1236637 23
3456 5430941 23
3416 3333789 23
3406 7528093 23
3077 712349 23
3395 4906653 23
3038 2809501 23
3326 7003805 23
3215 1760925 23
3179 5955229 23
3028 3858077 23
3335 8052381 23
3363 450205 23
3387 4644509 23
3502 2547357 23
3503 6741661 23
3171 1498781 23
3269 5693085 23
3447 3595933 23
2997 7790237 23
3411 974493 23
3414 5168797 23
3045 3071645 23
3310 7265949 23
3111 2023069 23
3361 6217373 23
3106 4120221 23
3306 8314525 23
3647 122525 22
3536 2219677 22
3430 1171101 22
3384 3268253 22
3542 646813 22
3540 2743965 22
3560 1695389 22
3546 3792541 22
3740 384669 20
3554 908957 22
3497 3006109 22
3486 1957533 22
3517 4054685 22
3159 253597 24
2799 8642205 24
2937 4447901 24
3107 12836509 24
3132 2350749 24
2942 10739357 24
2878 6545053 24
2924 14933661 24
3147 1302173 24
3148 9690781 24
2966 5496477 24
3044 13885085 24
2806 3399325 24
3263 11787933 24
3001 7593629 24
2965 15982237 24
3295 777885 24
2885 9166493 24
3103 4972189 24
2941 13360797 24
2975 2875037 24
2915 11263645 24
2940 7069341 24
2974 15457949 24
3118 1826461 24
2933 10215069 24
3188 6020765 24
3117 14409373 24
3123 3923613 24
2816 12312221 24
2874 8117917 24
2983 16506525 24
3599 515741 22
2842 2612893 24
2755 11001501 24
2742 6807197 24
3033 15195805 24
3539 1564317 22
3583 3661469 22
3027 1040029 24
3063 9428637 24
2828 5234333 24
2898 13622941 24
2893 3137181 24
2961 11525789 24
2834 7331485 24
2718 15720093 24
2989 2088605 24
2889 10477213 24
3076 6282909 24
2666 14671517 24
2944 4185757 24
3151 12574365 24
3080 8380061 24
3136 16768669 24
3885 16029 15
3882 32413 15
3935 413 10
3931 925 12
3896 2973 14
3842 11165 17
3649 76701 21
3683 1125277 21
3417 600989 22
3601 2698141 22
3638 1649565 21
3783 338845 19
3949 207773 19
3725 469917 20
3737 994205 20
3862 43933 16
3867 27549 16
3790 60317 19
3687 322461 21
3145 1371037 23
3293 5565341 23
3356 3468189 22
3730 846749 20
3822 191389 18
3816 125853 18
3774 256925 19
3362 519069 22
3492 2616221 22
3321 1567645 22
3424 3664797 22
3529 1043357 22
3323 3140509 22
3559 2091933 22
3488 4189085 22
3906 7069 13
3881 1949 15
3814 18333 18
3791 149405 19
3655 411549 21
3520 1460125 22
3587 3557277 22
3654 935837 21
3521 1984413 22
3478 4081565 22
3813 83869 18
3784 214941 19
3633 477085 21
3673 1525661 21
3731 1001373 20
3864 51101 16
3895 10141 14
3905 6045 13
3925 3997 12
3936 93 7
3946 61 6
3941 3 2
